0.0905621 0.0114332 0.938815 138.62 942.365 867.702 -0.107491 -0.191523 -0.142095 -0.0944385 -0.152533 0.201242 2.73196 0.0842358 0.361552 -0.143038 1.84318 0.311418 1.3883 0.848977 -0.3324 -0.512695 0.854281 1.70926 -0.733729 0.447409 0.0917525 -0.0893298 0.146105 -0.0323953 0.387672 
0.0924896 0.00845969 0.92147 149.573 945.613 867.583 -0.109097 -0.200163 -0.148672 -0.110845 -0.149226 0.198392 2.72818 0.111635 0.361465 -0.144668 1.84101 0.308877 1.37995 0.865686 -0.333905 -0.511124 0.843932 1.72118 -0.745597 0.456733 0.0894851 -0.0887869 0.144474 -0.0320364 0.396505 
0.0998055 0.00484753 0.880801 164.085 949.223 868.124 -0.119148 -0.217617 -0.154288 -0.122238 -0.134581 0.186534 2.72342 0.109976 0.361918 -0.141855 1.84289 0.322483 1.38406 0.857946 -0.337966 -0.508643 0.835676 1.69416 -0.737456 0.42674 0.0905266 -0.0590851 0.145427 -0.0298271 0.38265 
0.0984648 -0.00102547 0.827439 177.419 952.487 871.515 -0.124288 -0.23284 -0.170163 -0.133872 -0.117839 0.176306 2.72226 0.110334 0.363619 -0.133349 1.85658 0.349852 1.34966 0.881811 -0.344937 -0.503908 0.822694 1.67248 -0.703176 0.41662 0.089183 -0.00381769 0.15148 -0.0172349 0.341073 
0.10355 -0.004304 0.795809 187.863 952.058 871.849 -0.127475 -0.221705 -0.181626 -0.165928 -0.109561 0.177139 2.70871 0.117178 0.364269 -0.128278 1.87349 0.366492 1.30984 0.91302 -0.347146 -0.505709 0.804145 1.65695 -0.674832 0.384749 0.0952306 0.0277892 0.14935 -0.0101376 0.3119 
0.10641 -0.00193376 0.762762 199.825 950.432 871.775 -0.127079 -0.20311 -0.189372 -0.199852 -0.0966982 0.184901 2.72383 0.13395 0.364188 -0.124255 1.88065 0.371627 1.2998 0.920584 -0.349511 -0.509467 0.78841 1.64659 -0.689432 0.363234 0.0983516 0.0453525 0.14617 -0.000409003 0.295396 
0.110894 -0.00120771 0.730646 213.063 952.479 869.541 -0.126537 -0.190414 -0.182631 -0.245241 -0.0918602 0.173334 2.76368 0.145768 0.365026 -0.123102 1.88978 0.37907 1.2902 0.931947 -0.351382 -0.510326 0.773075 1.62981 -0.656382 0.335703 0.0971347 0.0658795 0.141405 0.00398963 0.264199 
0.114523 -0.00459712 0.69095 227.225 955.202 867.712 -0.126537 -0.179141 -0.173672 -0.310517 -0.0823709 0.163859 2.73357 0.145564 0.365708 -0.120369 1.88924 0.396022 1.28939 0.965551 -0.361291 -0.50633 0.769765 1.62193 -0.624489 0.295507 0.0957598 0.0887798 0.142474 0.0123452 0.25762 
0.118543 -0.0111813 0.650527 242.657 960.113 866.547 -0.125039 -0.149145 -0.162965 -0.412651 -0.0794744 0.147207 2.67547 0.155753 0.364887 -0.122801 1.89129 0.420069 1.29102 0.987028 -0.365167 -0.502384 0.755369 1.63031 -0.655215 0.263678 0.0967764 0.0985956 0.136304 0.0207173 0.279699 
0.124866 -0.0203585 0.61926 261.396 965.631 865.196 -0.120439 -0.0997157 -0.149771 -0.553095 -0.0772229 0.112105 2.64934 0.122643 0.361628 -0.127457 1.88751 0.452997 1.30897 1.03159 -0.368896 -0.499244 0.735274 1.63404 -0.666248 0.210264 0.0908825 0.11408 0.133426 0.0339672 0.30825 
0.13298 -0.0244345 0.61352 274.446 967.234 863.754 -0.111517 -0.0704442 -0.142777 -0.684681 -0.0780636 0.0923975 2.65249 0.0991867 0.357996 -0.1253 1.8931 0.47424 1.32247 1.06751 -0.376498 -0.496485 0.715452 1.61902 -0.67589 0.159743 0.0870186 0.108516 0.130587 0.0483322 0.323777 
0.1397 -0.0251833 0.648833 284.717 966.09 862.146 -0.0985772 -0.0323672 -0.150325 -0.746616 -0.0801437 0.0772669 2.64723 0.115286 0.356833 -0.121997 1.89863 0.481113 1.31677 1.09916 -0.378598 -0.4982 0.701164 1.58334 -0.687402 0.163649 0.0883823 0.0677386 0.129502 0.0464749 0.360174 
0.141487 -0.0256768 0.679222 296.559 962.121 860.987 -0.0792022 0.00794146 -0.171131 -0.838028 -0.0663033 0.0718718 2.67652 0.118021 0.353706 -0.119972 1.90571 0.483416 1.2997 1.11984 -0.381731 -0.501762 0.692119 1.54466 -0.725622 0.157397 0.0934034 0.0276733 0.122835 0.0395373 0.431962 
0.141466 -0.0270954 0.698168 306.93 957.444 860.773 -0.0577861 0.0443893 -0.179303 -0.863631 -0.0487849 0.0599739 2.67929 0.10262 0.350441 -0.116442 1.9204 0.488722 1.27925 1.12719 -0.389975 -0.503164 0.686301 1.53364 -0.782475 0.151713 0.0959137 -0.0145304 0.125612 0.0444511 0.468791 
0.143008 -0.0285057 0.699339 315.54 955.311 859.416 -0.0479955 0.0744468 -0.195584 -0.867592 -0.0382154 0.0526586 2.7114 0.10298 0.348689 -0.112968 1.94067 0.501845 1.27295 1.14046 -0.397178 -0.50157 0.685655 1.52996 -0.781048 0.138799 0.0945861 -0.0439943 0.136222 0.044888 0.468058 
0.143105 -0.0296475 0.716407 325.216 950.529 860.576 -0.0422283 0.106413 -0.227589 -0.842126 -0.028215 0.0425978 2.71648 0.101879 0.347508 -0.116241 1.94982 0.523405 1.25884 1.14195 -0.400852 -0.502308 0.67132 1.51447 -0.756057 0.121667 0.0968914 -0.0903831 0.139855 0.0510849 0.492154 
0.140516 -0.0291418 0.702504 337.445 949.674 861.022 -0.0387035 0.112391 -0.261436 -0.786174 -0.00856274 0.0383887 2.70643 0.0882012 0.350124 -0.120972 1.94193 0.55763 1.23731 1.1582 -0.400585 -0.501971 0.664375 1.49927 -0.764669 0.138237 0.0976165 -0.113189 0.153926 0.0547211 0.532397 
0.134569 -0.0295699 0.668408 348.099 949.926 859.219 -0.031928 0.120773 -0.25451 -0.698995 0.00836259 0.0274023 2.62931 0.0890747 0.355589 -0.126031 1.92853 0.564813 1.22239 1.21132 -0.3955 -0.503411 0.660333 1.48474 -0.76498 0.174471 0.101699 -0.112533 0.161363 0.0443622 0.555246 
0.132086 -0.0277538 0.632129 358.394 949.534 858.758 -0.0386814 0.159332 -0.282844 -0.720338 0.0170048 0.0362846 2.66817 0.117522 0.363012 -0.119313 1.9279 0.554317 1.24218 1.21361 -0.395948 -0.504944 0.666735 1.45146 -0.78294 0.218802 0.101771 -0.100364 0.185161 0.0379586 0.582624 
0.134857 -0.0289347 0.615646 369.988 952.475 858.768 -0.0472127 0.237485 -0.265002 -0.774365 0.0166773 0.0230303 2.68521 0.119122 0.361527 -0.108973 1.94579 0.562656 1.25644 1.27024 -0.400297 -0.511813 0.664447 1.40676 -0.735658 0.203385 0.103642 -0.0788034 0.175061 0.03277 0.580877 
0.0892173 0.0103564 1.00748 193.37 959.727 868.374 -0.130633 -0.17411 -0.128549 -0.043954 -0.156868 0.218653 2.71276 0.127008 0.361083 -0.141997 1.84407 0.315634 1.3968 0.849945 -0.331669 -0.511612 0.840608 1.68557 -0.734191 0.489713 0.0963072 -0.0852053 0.148336 -0.0405273 0.367648 
0.0976859 0.010735 1.02327 238.783 948.238 869.159 -0.148497 -0.125982 -0.0971457 0.0617392 -0.153626 0.218801 2.68575 0.187134 0.358316 -0.141092 1.84369 0.343537 1.42596 0.866108 -0.331372 -0.512205 0.823515 1.63245 -0.69483 0.546161 0.104109 -0.0796685 0.15415 -0.0514737 0.351057 
0.125581 0.0133689 0.866165 291.138 951.871 871.38 -0.146448 -0.0113664 -0.0504422 0.171927 -0.157217 0.228735 2.57767 0.154548 0.34537 -0.130147 1.84833 0.357352 1.44652 1.08747 -0.33908 -0.506316 0.819622 1.642 -0.696254 0.595833 0.10513 -0.144541 0.169781 -0.0696753 0.300744 
0.134467 0.00631433 0.672029 321 952.104 872.66 -0.149337 -0.00129749 -0.0333845 0.105333 -0.144316 0.288528 2.54465 0.237481 0.33739 -0.12689 1.85543 0.375392 1.4361 1.24108 -0.347267 -0.506654 0.818225 1.67466 -0.768879 0.648758 0.109123 -0.216215 0.158684 -0.0751622 0.319492 
0.136533 -0.000807697 0.549191 347.53 942.524 873.767 -0.169864 -0.0171182 -0.0162218 0.0121583 -0.0774138 0.335864 2.5165 0.275893 0.333441 -0.125842 1.87254 0.398279 1.44885 1.27603 -0.355093 -0.504526 0.82108 1.68247 -0.855139 0.642438 0.122126 -0.266825 0.149517 -0.0738917 0.347297 
0.133449 -0.0102069 0.510134 365.194 938.872 874.363 -0.212261 -0.0381281 -0.0225987 0.00292178 0.0403362 0.393102 2.51057 0.242955 0.332652 -0.126067 1.88103 0.399918 1.41328 1.24965 -0.358426 -0.502663 0.81975 1.65193 -0.993 0.680905 0.128814 -0.325015 0.165424 -0.0716213 0.330522 
0.124739 -0.0140692 0.493358 376.997 933.934 874.59 -0.234384 -0.0348088 -0.023602 -0.0568789 0.123171 0.456726 2.55513 0.252992 0.335947 -0.125454 1.88578 0.394576 1.3589 1.237 -0.357593 -0.499473 0.807567 1.61788 -1.14602 0.744212 0.13709 -0.351328 0.177702 -0.0607804 0.288025 
0.117619 -0.0170211 0.478176 383.74 933.115 873.953 -0.235679 -0.0409198 -0.0293901 -0.0615727 0.148367 0.493022 2.55448 0.279988 0.338522 -0.126561 1.8859 0.401153 1.33936 1.24027 -0.360024 -0.496058 0.795663 1.59002 -1.19213 0.742333 0.139928 -0.365311 0.181996 -0.0593772 0.289048 
0.108136 -0.0203724 0.437975 387.938 933.125 874.894 -0.233461 -0.0563549 -0.024336 -0.0387182 0.160408 0.523843 2.59005 0.329073 0.341673 -0.128063 1.88741 0.41804 1.30962 1.24009 -0.358925 -0.496889 0.791259 1.58178 -1.21178 0.731775 0.139723 -0.388884 0.180898 -0.0678957 0.300379 
0.0978425 -0.0232066 0.424142 394.87 933.439 874.602 -0.230947 -0.0750676 -2.79133e-06 0.00491896 0.158842 0.556664 2.59574 0.404215 0.344904 -0.131935 1.90112 0.403055 1.26709 1.20777 -0.363144 -0.502379 0.790456 1.58208 -1.18789 0.72521 0.13982 -0.437393 0.165031 -0.0777083 0.304894 
0.0885089 -0.0268789 0.395713 401.534 934.159 874.389 -0.23198 -0.0974947 0.0124682 0.0432221 0.159227 0.57241 2.59741 0.461765 0.34496 -0.134245 1.91951 0.387868 1.2203 1.15342 -0.361821 -0.504608 0.785721 1.58278 -1.1627 0.68275 0.141522 -0.45793 0.152696 -0.0781356 0.309754 
0.0819634 -0.0302584 0.381963 406.584 932.262 874.625 -0.226007 -0.105616 0.0263891 0.0584623 0.166883 0.592455 2.61909 0.498351 0.344962 -0.133524 1.92456 0.385944 1.1781 1.15324 -0.359765 -0.503875 0.788019 1.57619 -1.14996 0.692165 0.144735 -0.46897 0.146589 -0.0774161 0.31763 
0.0719104 -0.0310677 0.368119 411.757 931.467 876.349 -0.224216 -0.110407 0.0340247 0.0676085 0.178994 0.600273 2.66193 0.518055 0.347084 -0.132877 1.94466 0.357688 1.12569 1.16248 -0.360174 -0.502767 0.788906 1.55907 -1.09204 0.751472 0.146083 -0.471779 0.141404 -0.0837116 0.322708 
0.0657062 -0.0316342 0.344934 416.799 931.797 878.127 -0.231051 -0.117594 0.086749 0.110539 0.18604 0.610833 2.70374 0.560796 0.350391 -0.13422 1.9425 0.356717 1.08216 1.19513 -0.359336 -0.500697 0.782088 1.54959 -1.02705 0.852544 0.14585 -0.474768 0.14821 -0.0815006 0.327006 
0.0554247 -0.0263116 0.322227 421.511 931.801 878.971 -0.235464 -0.124344 0.12309 0.140015 0.215014 0.617422 2.75053 0.583699 0.351142 -0.135683 1.94923 0.355167 1.03957 1.21771 -0.359444 -0.499778 0.779196 1.55862 -0.993257 0.905751 0.142576 -0.479124 0.155803 -0.0823085 0.312036 
0.0440147 -0.0222543 0.281175 428.62 932.596 877.766 -0.238555 -0.134128 0.18283 0.192164 0.240801 0.624825 2.7925 0.631719 0.353578 -0.139621 1.95149 0.354956 1.00995 1.2403 -0.360348 -0.496713 0.774817 1.58863 -0.98221 0.997056 0.134497 -0.482686 0.154162 -0.076189 0.292027 
0.0292167 -0.0243844 0.274133 436.72 932.408 876.08 -0.245373 -0.137864 0.177134 0.215737 0.263041 0.613137 2.84617 0.656137 0.355167 -0.140302 1.94555 0.337144 0.989745 1.22223 -0.353611 -0.503352 0.765132 1.63365 -1.0222 1.00904 0.1325 -0.526893 0.134935 -0.0750359 0.288078 
0.00865075 -0.0292518 0.277559 444.707 927.961 873.06 -0.236062 -0.138917 0.112027 0.224 0.30142 0.600347 2.91385 0.655854 0.358049 -0.129778 1.93704 0.268707 0.995265 1.17767 -0.334604 -0.524625 0.750024 1.68051 -1.1126 1.01482 0.13655 -0.581522 0.118011 -0.0838888 0.306025 
-0.00251195 -0.0281595 0.276702 452.104 924.674 872.757 -0.234609 -0.150633 0.0906523 0.309829 0.31753 0.59183 2.95459 0.663691 0.359169 -0.121707 1.9284 0.246925 1.0109 1.16035 -0.328604 -0.53363 0.741149 1.67873 -1.13088 0.98032 0.142259 -0.606615 0.100018 -0.0874408 0.323531 
-0.00474748 -0.0281925 0.267096 459.776 923.508 871.947 -0.238697 -0.15344 0.0899449 0.314641 0.321283 0.581576 2.99171 0.693002 0.358221 -0.123009 1.93115 0.272721 1.0064 1.12778 -0.329547 -0.532408 0.738403 1.67367 -1.11077 0.982028 0.147141 -0.627992 0.0903057 -0.0902403 0.336908 
0.105906 0.0031847 1.05677 219.031 972.585 862.743 -0.105455 -0.153644 -0.115927 0.0765497 -0.255831 0.193189 2.7188 0.145816 0.359718 -0.128027 1.86009 0.311511 1.37056 0.792971 -0.338828 -0.509185 0.844768 1.67925 -0.716206 0.464705 0.0913335 -0.134816 0.132821 -0.0407902 0.378014 
0.117806 0.000807299 1.02112 275.575 977.663 861.42 -0.133482 -0.0937013 -0.0790904 0.131369 -0.275114 0.18116 2.71298 0.195274 0.358129 -0.132099 1.87389 0.34303 1.38776 0.815185 -0.33799 -0.511169 0.842176 1.67615 -0.72699 0.478699 0.087897 -0.123522 0.129926 -0.047603 0.395338 
0.126517 -0.000159308 0.974014 314.61 981.999 860.639 -0.171384 -0.0116023 -0.0507534 0.0544308 -0.300889 0.157707 2.71462 0.220935 0.353504 -0.137792 1.8882 0.341839 1.42066 0.814194 -0.339246 -0.515283 0.83989 1.64036 -0.696605 0.439961 0.0865111 -0.14857 0.107594 -0.0548934 0.394452 
0.124767 0.000601894 0.977059 348.513 975.866 860.428 -0.199175 0.0158568 -0.066616 -0.041067 -0.291972 0.107105 2.70059 0.185992 0.349073 -0.145529 1.90277 0.320385 1.42205 0.791659 -0.340039 -0.515028 0.826865 1.58502 -0.692732 0.468345 0.0830898 -0.172212 0.0909765 -0.0532135 0.369142 
0.121077 0.00297592 0.927464 393.092 951.811 861.719 -0.242203 0.0369026 -0.0951227 -0.12845 -0.279054 0.104574 2.61383 0.102092 0.347568 -0.154967 1.93765 0.323093 1.45595 0.728337 -0.346433 -0.510161 0.778075 1.57048 -0.763975 0.530555 0.0903516 -0.21894 0.0892053 -0.0744161 0.336734 
0.131927 0.00702863 0.906455 423.703 934.736 861.898 -0.260761 0.0524144 -0.114908 -0.178914 -0.263335 0.10842 2.57588 0.0286746 0.347901 -0.158451 1.95916 0.332587 1.47554 0.727243 -0.352541 -0.503382 0.734367 1.55055 -0.784763 0.582272 0.104875 -0.247663 0.0850088 -0.0920803 0.307909 
0.140384 0.0146852 0.800765 452.77 930.884 860.857 -0.254326 0.0147557 -0.0711715 -0.14153 -0.240688 0.132479 2.58955 -0.00763719 0.343593 -0.162404 1.98197 0.340761 1.46403 0.832248 -0.358814 -0.497869 0.721739 1.57251 -0.774334 0.58754 0.115435 -0.317697 0.0780191 -0.0913074 0.256016 
0.148081 0.0259415 0.685118 481.532 930.621 861.285 -0.237263 -0.045783 0.040509 -0.0457174 -0.220109 0.139912 2.58029 0.00458723 0.334949 -0.169257 2.00107 0.311599 1.48881 0.997327 -0.372398 -0.486535 0.704917 1.62506 -0.736593 0.584833 0.119855 -0.459202 0.0717547 -0.0810003 0.219147 
0.156439 0.0337312 0.595115 509.92 927.328 863.869 -0.232232 -0.094539 0.0667728 0.00609526 -0.198758 0.125755 2.55853 -0.021854 0.334785 -0.170693 1.99263 0.312923 1.50199 1.07034 -0.376015 -0.485162 0.694191 1.61571 -0.714449 0.577453 0.121074 -0.515666 0.0650832 -0.0787206 0.218338 
0.147621 0.0356317 0.365592 544.021 913.296 858.642 -0.224483 -0.138909 0.139783 0.0222569 -0.126064 0.142198 2.62156 -0.066851 0.338338 -0.171927 2.02437 0.392917 1.53782 1.07501 -0.375485 -0.485201 0.71048 1.61937 -0.717475 0.498495 0.125875 -0.578 0.0572068 -0.0715849 0.209554 
0.136025 0.04315 0.24186 571.555 916.055 857.137 -0.220312 -0.188792 0.137081 0.0606901 -0.108919 0.171532 2.63812 0.0281728 0.337472 -0.177953 2.03319 0.425671 1.57393 1.11425 -0.378303 -0.482747 0.711387 1.55538 -0.682889 0.429027 0.130272 -0.609564 0.0500131 -0.0717304 0.168542 
0.129452 0.0567774 0.159284 595.814 922.096 856.809 -0.240489 -0.244053 0.0942887 0.119541 -0.122188 0.177294 2.64309 0.114514 0.332711 -0.18119 2.0302 0.438409 1.58737 1.17792 -0.379764 -0.482549 0.706635 1.43855 -0.592931 0.366273 0.129004 -0.631653 0.0530139 -0.0632626 0.127669 
0.123599 0.0622266 0.12567 614.346 917.261 855.673 -0.255212 -0.275083 0.0544617 0.163946 -0.111723 0.168434 2.66328 0.129856 0.330519 -0.179878 2.03571 0.464736 1.57241 1.1977 -0.381677 -0.479051 0.700103 1.36417 -0.543324 0.315357 0.123958 -0.638089 0.0688133 -0.058247 0.102877 
0.112901 0.0593355 0.118612 629.002 908.994 854.456 -0.252228 -0.281034 0.0555471 0.153835 -0.081287 0.142759 2.66944 0.0903205 0.333128 -0.177464 2.04449 0.485321 1.55913 1.18288 -0.382639 -0.475399 0.69603 1.34373 -0.550653 0.318797 0.122139 -0.642879 0.0743027 -0.0625014 0.114184 
0.0977966 0.0546259 0.101503 644.081 899.468 855.124 -0.234243 -0.286472 0.0567809 0.15073 -0.0525976 0.126544 2.65682 0.0879136 0.339064 -0.172446 2.05405 0.489347 1.5527 1.1567 -0.382471 -0.471858 0.69901 1.32092 -0.524416 0.340311 0.124938 -0.636032 0.0809105 -0.0727631 0.143643 
0.086406 0.0544619 0.102524 655.11 888.198 856.411 -0.212778 -0.280037 0.0528167 0.153219 -0.0291023 0.115996 2.65436 0.076548 0.340625 -0.16994 2.04777 0.493475 1.56728 1.17072 -0.38249 -0.4753 0.690688 1.27836 -0.488381 0.352846 0.126486 -0.629153 0.0745869 -0.0769942 0.135882 
0.0747588 0.0460262 0.106756 665.791 879.405 854.659 -0.176493 -0.293808 0.0608611 0.182396 -0.00716755 0.0872775 2.62882 0.0475912 0.344863 -0.171606 2.06195 0.504546 1.55343 1.10419 -0.386479 -0.473359 0.69771 1.29428 -0.596946 0.3808 0.130296 -0.653856 0.0791604 -0.0889349 0.156211 
0.0656348 0.0367229 0.109996 677.249 868.971 853.121 -0.143975 -0.308186 0.0898037 0.215123 0.0181142 0.0477985 2.62209 0.00240437 0.347154 -0.173078 2.07465 0.495965 1.54023 1.03437 -0.389625 -0.472528 0.702638 1.3228 -0.706203 0.408339 0.130629 -0.678727 0.0875643 -0.100828 0.149269 
0.0515158 0.0301966 0.115226 686.261 857.383 851.244 -0.113908 -0.314286 0.129455 0.274141 0.0470441 0.0184781 2.63147 -0.066876 0.350272 -0.170367 2.08202 0.488929 1.56799 0.971147 -0.390353 -0.473606 0.71651 1.32832 -0.803044 0.421316 0.131215 -0.717214 0.0909563 -0.10488 0.173465 
0.0406947 0.0215081 0.120936 697.617 846.957 847.489 -0.0973409 -0.325867 0.170494 0.346287 0.0561533 -0.0103343 2.6261 -0.125035 0.353279 -0.169385 2.08664 0.512132 1.57123 0.91221 -0.391759 -0.478218 0.722074 1.35662 -0.905293 0.446294 0.129393 -0.735974 0.101127 -0.112132 0.207373 
0.0856057 0.0130005 1.06991 182.918 980.232 867.313 -0.11845 -0.155104 -0.144921 -0.101776 -0.239807 0.226999 2.7409 0.0852462 0.361938 -0.141698 1.83996 0.30934 1.37237 0.830443 -0.333954 -0.511849 0.855554 1.74222 -0.744055 0.483725 0.0964059 -0.0531529 0.142651 -0.0366888 0.384614 
0.0785741 0.0223226 1.15636 249.25 1014.36 865.53 -0.136076 -0.0614343 -0.147056 -0.0534214 -0.347953 0.191773 2.737 0.172878 0.362086 -0.14483 1.84002 0.314641 1.32815 0.813547 -0.334188 -0.50545 0.847123 1.74004 -0.773398 0.398756 0.101104 -0.0434762 0.155631 -0.0423138 0.401281 
0.0764665 0.0242504 1.14448 302.718 1014.17 866.446 -0.133543 0.0474214 -0.151275 0.0974761 -0.396885 0.109848 2.69887 0.147811 0.36096 -0.145728 1.82944 0.334128 1.30986 0.84501 -0.331055 -0.503996 0.854118 1.74351 -0.798149 0.362121 0.10464 -0.0722918 0.157579 -0.0507668 0.422411 
0.0926133 0.0229839 1.06209 377.089 984.045 867.483 -0.093 0.0499054 -0.17468 0.0978404 -0.452701 0.0951988 2.65164 0.187307 0.366558 -0.145346 1.79082 0.323415 1.29739 0.803491 -0.33034 -0.506674 0.836622 1.76322 -0.749491 0.437388 0.111436 -0.0826711 0.163328 -0.067854 0.472759 
0.09091 0.021534 0.9511 439.882 951.636 867.199 -0.0966113 0.0355842 -0.192006 0.238025 -0.484025 0.0989487 2.55487 0.261365 0.371129 -0.141844 1.78694 0.308383 1.2933 0.764942 -0.330656 -0.508694 0.834313 1.77311 -0.676929 0.42348 0.113943 -0.0681709 0.151334 -0.0722302 0.456121 
0.0860585 0.0198442 0.888436 482.855 928.664 864.727 -0.100639 0.0410858 -0.184699 0.267796 -0.521362 0.0963838 2.51182 0.281724 0.372639 -0.141063 1.78402 0.306976 1.29068 0.710466 -0.333128 -0.508943 0.843006 1.77358 -0.635361 0.429573 0.112158 -0.0580164 0.145787 -0.0784296 0.435598 
0.103883 0.0270265 0.778797 530.799 922.264 864.011 -0.0909984 0.114636 -0.143064 -0.000402852 -0.497085 0.0789875 2.65911 0.116318 0.369346 -0.136872 1.77084 0.239349 1.17214 0.863871 -0.326798 -0.518044 0.837305 1.78608 -0.708343 0.451435 0.119508 -0.0576673 0.115538 -0.0979107 0.495631 
0.110624 0.0256812 0.699505 560.403 920.005 862.454 -0.0840723 0.106129 -0.106652 -0.0313199 -0.488836 0.0580862 2.66342 0.0361922 0.368291 -0.135397 1.75824 0.217963 1.1704 0.901519 -0.328983 -0.518359 0.847849 1.78971 -0.692117 0.438588 0.122592 -0.0368091 0.108803 -0.107653 0.512173 
0.106868 0.023862 0.645022 588.606 903.633 859.875 -0.110775 0.105361 -0.0898785 0.0552927 -0.474597 0.0460385 2.65427 -0.0387244 0.366909 -0.137936 1.75336 0.225998 1.16632 0.91165 -0.32962 -0.519424 0.854584 1.77185 -0.671153 0.421293 0.127823 0.00795216 0.103755 -0.117766 0.520536 
0.0897773 0.0240028 0.560966 637.542 864.525 858.27 -0.189393 0.161767 -0.0671446 0.144528 -0.484802 0.0982478 2.73797 -0.00736329 0.365288 -0.131943 1.76677 0.281673 1.2029 0.843935 -0.332631 -0.520732 0.858171 1.75469 -0.741436 0.38158 0.148852 0.0630559 0.0875831 -0.136573 0.48663 
0.095153 0.0245537 0.443396 677.072 856.001 860.96 -0.209154 0.258499 -0.0498263 -0.116395 -0.479254 0.11606 2.75919 -0.0354612 0.363467 -0.130676 1.77151 0.296235 1.25589 0.879483 -0.334422 -0.521268 0.860472 1.79083 -0.815351 0.415876 0.147452 0.101846 0.0888085 -0.146863 0.475256 
0.109175 0.0293593 0.328364 710.971 849.507 860.781 -0.21199 0.283853 -0.049678 -0.260896 -0.474016 0.133847 2.79079 -0.0674573 0.364649 -0.135372 1.74692 0.257394 1.29015 0.852349 -0.33319 -0.519413 0.848598 1.78239 -0.867868 0.432531 0.1398 0.0830773 0.085475 -0.141885 0.494261 
0.117816 0.0322099 0.229711 736.032 837.209 859.368 -0.212872 0.278475 -0.0672608 -0.350165 -0.461626 0.175981 2.81097 -0.0857586 0.365521 -0.137596 1.73346 0.23318 1.29792 0.830677 -0.331464 -0.516157 0.832611 1.75453 -0.887724 0.442228 0.14106 0.0519388 0.0769353 -0.143417 0.495584 
0.139428 0.0355801 0.0985106 765.433 806.68 858.075 -0.231146 0.294089 -0.0996692 -0.543771 -0.410116 0.216451 2.81964 -0.12854 0.368365 -0.144306 1.72204 0.233863 1.27761 0.814736 -0.327295 -0.510777 0.825504 1.67289 -1.01607 0.436799 0.137148 0.00616396 0.068395 -0.139027 0.454269 
0.145283 0.0363455 -0.0367959 796.091 774.79 854.781 -0.213014 0.234884 -0.0998113 -0.492934 -0.341714 0.237738 2.79142 -0.121338 0.370278 -0.148019 1.73211 0.240303 1.2413 0.829797 -0.333172 -0.509672 0.846799 1.65953 -1.08065 0.421692 0.129274 -0.0282257 0.089774 -0.133568 0.413131 
0.143639 0.0360885 -0.340529 842.585 760.022 849.416 -0.175458 0.116373 -0.0875049 -0.558135 -0.260463 0.221585 2.75426 -0.298276 0.371593 -0.146117 1.75603 0.299969 1.2081 0.786821 -0.340949 -0.518123 0.870099 1.71277 -1.0399 0.359484 0.123559 -0.0562415 0.122986 -0.141306 0.392678 
0.134091 0.0330346 -0.406428 859.987 745.958 847.894 -0.165228 0.0191357 -0.111673 -0.463109 -0.214875 0.226702 2.74603 -0.246877 0.36803 -0.143959 1.77487 0.296908 1.21483 0.786921 -0.342415 -0.519016 0.860319 1.71175 -1.04208 0.337502 0.117916 -0.0756724 0.115112 -0.14069 0.409491 
0.126097 0.0346576 -0.473406 872.566 734.087 846.077 -0.154456 -0.0405389 -0.148441 -0.377386 -0.19124 0.255092 2.73832 -0.180193 0.366199 -0.142203 1.78376 0.291406 1.22622 0.780502 -0.342692 -0.518955 0.85822 1.71168 -1.04869 0.321375 0.110307 -0.0813105 0.11172 -0.135058 0.435423 
0.121178 0.0378645 -0.49799 881.221 718.972 844.177 -0.145129 -0.06948 -0.174792 -0.335386 -0.181034 0.274002 2.75443 -0.116796 0.365649 -0.14052 1.782 0.272779 1.22892 0.735629 -0.344487 -0.521217 0.860887 1.6838 -1.00195 0.311213 0.103324 -0.103396 0.107116 -0.129135 0.463318 
0.114757 0.0446687 -0.529045 889.311 700.387 841.777 -0.133656 -0.0858294 -0.178859 -0.330322 -0.166452 0.30185 2.72913 -0.0345809 0.366773 -0.143085 1.76946 0.26059 1.22725 0.705122 -0.344164 -0.519023 0.868099 1.6715 -1.00398 0.32093 0.0927273 -0.121375 0.112139 -0.126187 0.486067 
0.0856519 0.00857991 1.09964 161.513 987.034 867.597 -0.0999509 -0.164657 -0.130372 -0.0956777 -0.210973 0.272407 2.72344 0.0324265 0.362646 -0.142004 1.84374 0.311123 1.3751 0.837765 -0.330726 -0.511254 0.855199 1.73548 -0.717784 0.457243 0.0957058 -0.0381132 0.136013 -0.0327059 0.399561 
0.0618336 0.0122597 1.14842 225.856 1038.12 868.016 -0.121452 -0.112375 -0.125198 -0.0544812 -0.28252 0.284495 2.6002 0.144433 0.361854 -0.141182 1.83585 0.273383 1.32325 0.817577 -0.328953 -0.509899 0.831202 1.6761 -0.72844 0.484923 0.106277 0.004025 0.144373 -0.0415227 0.434831 
0.0381959 0.0125068 1.20472 281.786 1027.04 869.031 -0.127637 0.0149671 -0.129623 -0.0235725 -0.37185 0.229607 2.4905 0.219104 0.359652 -0.141712 1.82685 0.257106 1.30633 0.790542 -0.327177 -0.509791 0.808227 1.6579 -0.809462 0.462804 0.109088 -0.0137824 0.137931 -0.0590287 0.431725 
0.0177402 0.012117 1.26226 316.981 995.017 866.415 -0.14788 0.195616 -0.163071 0.000494225 -0.476721 0.191586 2.47118 0.201294 0.358128 -0.143742 1.82311 0.296981 1.3268 0.740896 -0.331344 -0.508336 0.806154 1.66138 -0.882445 0.424469 0.116891 -0.056582 0.138244 -0.0711551 0.420166 
0.017438 0.0109435 1.25573 339.107 973.501 865.744 -0.165507 0.247816 -0.181012 -0.0360726 -0.537567 0.209258 2.49645 0.247937 0.358078 -0.144269 1.81188 0.313551 1.34884 0.716779 -0.335237 -0.507687 0.808595 1.63266 -0.893223 0.403594 0.116163 -0.0534628 0.142411 -0.0633571 0.419154 
0.0598215 0.00166782 1.13747 381.577 945.123 866.418 -0.162171 0.296817 -0.208408 -0.163534 -0.588559 0.302205 2.47295 0.315399 0.361977 -0.14841 1.79376 0.345257 1.39743 0.71635 -0.339601 -0.510831 0.810004 1.58855 -0.877911 0.362424 0.118356 -0.0126599 0.1534 -0.038976 0.457397 
0.0711428 -0.00115402 1.06083 386.861 940.603 868.275 -0.165975 0.343739 -0.195362 -0.24957 -0.614867 0.365101 2.47489 0.32872 0.364943 -0.151565 1.79044 0.359078 1.39366 0.694863 -0.341207 -0.508057 0.815331 1.55542 -0.872097 0.358207 0.115915 -0.0103273 0.160163 -0.0337075 0.478454 
0.0676295 0.000684803 1.0589 384.893 926.442 869.488 -0.182898 0.374774 -0.196511 -0.266656 -0.63017 0.39108 2.47485 0.339078 0.366052 -0.154077 1.79459 0.341705 1.41181 0.657543 -0.342432 -0.506898 0.820766 1.52316 -0.871474 0.346963 0.114784 0.00304085 0.166542 -0.0368913 0.465991 
0.0633178 0.00714196 1.08625 381.526 902.469 868.815 -0.203563 0.431516 -0.197908 -0.154061 -0.671132 0.427548 2.45908 0.38737 0.363 -0.158588 1.79202 0.303165 1.43365 0.572228 -0.341602 -0.505925 0.825391 1.47996 -0.812827 0.312174 0.116791 0.0529695 0.164643 -0.0466763 0.424416 
0.0552789 0.0203943 1.28034 398.947 861.247 864.64 -0.237917 0.424314 -0.153996 -0.167492 -0.665522 0.298174 2.48 0.311952 0.362085 -0.146223 1.79034 0.268183 1.39381 0.641466 -0.3443 -0.511062 0.809514 1.47433 -0.83045 0.222111 0.127338 0.0603671 0.172881 -0.0716079 0.354321 
0.0395005 0.0304694 1.38663 408.071 836.023 861.464 -0.265627 0.405582 -0.108388 -0.391432 -0.650584 0.200675 2.51593 0.258724 0.36175 -0.136394 1.81557 0.292161 1.34692 0.719352 -0.351414 -0.522272 0.814311 1.47627 -0.853395 0.159945 0.133784 0.0472662 0.163402 -0.0955768 0.268565 
0.0270883 0.0357401 1.41357 408.796 818.654 861.424 -0.29043 0.397796 -0.0910084 -0.525313 -0.666741 0.160233 2.50587 0.246419 0.361257 -0.131986 1.82148 0.314221 1.32071 0.716586 -0.356423 -0.524349 0.82143 1.44703 -0.867314 0.12893 0.139409 0.0176771 0.161261 -0.108297 0.231466 
0.0256969 0.0367109 1.40389 402.196 805.266 861.037 -0.328386 0.404674 -0.0931348 -0.597798 -0.725084 0.132723 2.47207 0.246311 0.366465 -0.126296 1.81727 0.314716 1.2874 0.681209 -0.361101 -0.523706 0.818225 1.41216 -0.853038 0.141174 0.136483 -0.0103022 0.174199 -0.113365 0.246121 
0.0281745 0.0375269 1.39867 398.076 798.526 859.549 -0.355661 0.386198 -0.076859 -0.615116 -0.753333 0.0987893 2.46582 0.227928 0.371768 -0.12343 1.81027 0.309732 1.26406 0.651815 -0.363965 -0.524584 0.810067 1.38302 -0.87756 0.155894 0.128898 -0.0239739 0.184645 -0.116689 0.279828 
0.0255421 0.0418201 1.38347 394.05 791.172 858.151 -0.367593 0.400567 -0.103747 -0.680183 -0.778791 0.0633534 2.44312 0.222595 0.372233 -0.123604 1.80695 0.299041 1.25608 0.642607 -0.365544 -0.528278 0.800092 1.36562 -0.867565 0.176605 0.119092 -0.0344495 0.194312 -0.112072 0.304816 
0.0203181 0.0426477 1.35669 389.492 789.401 855.095 -0.402399 0.407673 -0.0906263 -0.764613 -0.800843 0.0150842 2.4361 0.215667 0.374276 -0.122274 1.79946 0.269244 1.24336 0.623976 -0.371577 -0.527509 0.797577 1.35327 -0.831816 0.212562 0.112969 -0.0350746 0.200703 -0.108057 0.311753 
0.0127593 0.0453495 1.31629 387.513 782.227 854.259 -0.41731 0.414012 -0.096536 -0.817758 -0.880064 -0.0549308 2.45465 0.252118 0.374022 -0.127576 1.79158 0.251778 1.24105 0.634608 -0.373666 -0.524348 0.795809 1.33993 -0.819757 0.236912 0.105516 -0.0203656 0.206713 -0.102848 0.309303 
0.00751613 0.0564608 1.29836 383.835 774.392 854.165 -0.401172 0.431008 -0.149295 -0.857303 -0.948665 -0.102403 2.48727 0.303024 0.368962 -0.135996 1.80336 0.264103 1.26163 0.613038 -0.375886 -0.520758 0.785071 1.31871 -0.82257 0.276524 0.104311 -0.0150155 0.213469 -0.0998188 0.320639 
0.000930495 0.0575679 1.26097 379.442 771.749 855.114 -0.406493 0.397455 -0.111964 -0.823756 -1.03311 -0.141568 2.46236 0.313931 0.368661 -0.136457 1.80345 0.270026 1.27688 0.599218 -0.37704 -0.519959 0.784542 1.32941 -0.822562 0.333891 0.103778 0.00829634 0.228848 -0.101505 0.323183 
-0.0131857 0.0617773 1.2259 379.921 761.614 856.268 -0.389029 0.386995 -0.163814 -0.758472 -1.0854 -0.19511 2.49825 0.292982 0.363722 -0.13649 1.81106 0.262563 1.24602 0.598097 -0.373786 -0.519756 0.775653 1.35802 -0.712795 0.352542 0.104469 0.0252771 0.220928 -0.108204 0.340303 
0.0813859 0.00733596 1.03993 138.923 937.365 867.414 -0.116055 -0.0971733 -0.150374 -0.0343535 -0.206914 0.169438 2.73615 0.0925499 0.362467 -0.143863 1.83364 0.319665 1.39032 0.868171 -0.332841 -0.511567 0.852764 1.74058 -0.712765 0.43881 0.0890548 -0.0202791 0.139792 -0.0309211 0.382603 
0.0682655 0.00123418 1.06585 154.918 912.571 867.09 -0.129659 0.0138185 -0.180939 -0.0554163 -0.274736 0.147524 2.7827 0.09999 0.361898 -0.14495 1.83823 0.318264 1.41259 0.905186 -0.334084 -0.510122 0.847211 1.75167 -0.728169 0.406484 0.0878822 0.0319378 0.146963 -0.0260727 0.403896 
0.0570652 -0.00556432 1.05491 183.19 884.539 865.192 -0.146439 0.121647 -0.196978 -0.00437639 -0.313246 0.13438 2.87323 0.11153 0.358953 -0.146116 1.86199 0.329954 1.48834 0.928715 -0.331266 -0.50462 0.863588 1.75509 -0.770781 0.413249 0.0913173 0.0585541 0.16581 -0.0172707 0.408921 
0.0613405 -0.0101245 1.02739 204.246 872.825 866.104 -0.175474 0.1257 -0.205626 0.0573843 -0.320938 0.127204 2.87798 0.116398 0.359558 -0.147854 1.86181 0.330594 1.5002 0.897105 -0.329363 -0.503486 0.874436 1.76417 -0.808332 0.377323 0.0865899 0.0928547 0.16941 -0.0110327 0.40005 
0.0935734 -0.0147524 0.964525 231.427 862.041 871.183 -0.193762 0.0847642 -0.257379 0.0878944 -0.305501 0.135188 2.82458 0.016502 0.361111 -0.144746 1.84388 0.303481 1.44014 0.808673 -0.331551 -0.498163 0.890969 1.79848 -0.704939 0.358324 0.0810641 0.123965 0.176817 -0.00287745 0.366046 
0.113156 -0.0141284 0.895153 248.153 844.464 874.748 -0.201557 0.083121 -0.261368 0.100047 -0.331532 0.186054 2.77935 -0.0104845 0.363703 -0.145063 1.83007 0.296723 1.39469 0.740086 -0.333179 -0.49493 0.877549 1.8043 -0.654478 0.315645 0.0813852 0.18353 0.189486 0.00856746 0.327379 
0.111156 -0.0195172 0.865743 250.12 843.398 875.889 -0.196888 0.0887694 -0.261263 0.0816755 -0.378302 0.213821 2.77758 0.0390804 0.364067 -0.147367 1.8238 0.351937 1.42339 0.679014 -0.33036 -0.493893 0.855799 1.74742 -0.654632 0.299468 0.0805275 0.218352 0.208998 0.0251274 0.320324 
0.100543 -0.0230672 0.887956 255.108 840.775 873.867 -0.199143 0.103885 -0.306508 0.16475 -0.438838 0.196778 2.7895 0.0471321 0.362884 -0.145281 1.81331 0.379669 1.44889 0.573769 -0.328236 -0.497211 0.855156 1.71134 -0.656683 0.290275 0.0760663 0.208481 0.200841 0.0247688 0.308432 
0.079201 -0.0287576 0.91964 266.932 836.922 871.055 -0.200811 0.0902737 -0.360065 0.296798 -0.483115 0.114834 2.77755 -0.0211876 0.358492 -0.140185 1.80424 0.405554 1.44647 0.497061 -0.324034 -0.502158 0.861232 1.61947 -0.590322 0.282333 0.0636844 0.189779 0.174517 -0.00318631 0.261611 
0.0764568 -0.0341516 0.90481 270.736 837.316 871.905 -0.210626 0.0765757 -0.385639 0.343105 -0.534919 0.100528 2.78611 -0.0433994 0.358866 -0.141916 1.79703 0.428841 1.47559 0.468148 -0.322452 -0.504987 0.85944 1.57071 -0.60723 0.272126 0.05877 0.207 0.179117 -0.00780333 0.253526 
0.0842068 -0.0361658 0.874932 267.002 836.832 874.991 -0.206206 0.0839465 -0.379134 0.27869 -0.571249 0.124751 2.78819 -0.0263865 0.360144 -0.145308 1.78639 0.460154 1.51431 0.448954 -0.325677 -0.506298 0.85611 1.5584 -0.662199 0.275684 0.0631727 0.240142 0.199896 0.00284921 0.28724 
0.0888421 -0.0385849 0.865804 262.001 834.883 876.844 -0.197675 0.0763569 -0.373367 0.221326 -0.588478 0.125292 2.78005 -0.0270531 0.358887 -0.144191 1.77919 0.467219 1.50684 0.418191 -0.327989 -0.504184 0.860259 1.5062 -0.685095 0.281581 0.0646326 0.255623 0.208182 -0.000904379 0.276297 
0.0749815 -0.0364878 0.843745 264.971 815.941 878.4 -0.23059 0.091417 -0.365203 0.138279 -0.612323 0.157763 2.81943 -0.00380292 0.360964 -0.147319 1.76353 0.47268 1.56552 0.414498 -0.326073 -0.513385 0.835491 1.49224 -0.721751 0.270897 0.0749993 0.270028 0.223001 0.0101509 0.285796 
0.0192791 -0.0342483 0.855206 291.616 768.589 878.28 -0.29461 0.192157 -0.299408 -0.128433 -0.552121 0.174277 2.84745 0.0457943 0.362733 -0.153727 1.7291 0.525395 1.67501 0.572617 -0.317436 -0.534736 0.781281 1.46854 -0.576387 0.266211 0.104323 0.266271 0.248503 0.035694 0.257928 
-0.0102761 -0.0377034 0.885606 297.087 740.173 878.969 -0.312092 0.255296 -0.250177 -0.311941 -0.533474 0.180636 2.81007 0.132433 0.359404 -0.155313 1.71672 0.570562 1.6951 0.651263 -0.31164 -0.54301 0.757146 1.44293 -0.513793 0.269936 0.121638 0.252675 0.246212 0.0361277 0.295087 
-0.0164642 -0.0407059 0.91251 288.614 721.353 880.503 -0.313101 0.319197 -0.245199 -0.426346 -0.600635 0.146077 2.80469 0.0923669 0.361094 -0.151484 1.71103 0.55053 1.67486 0.678163 -0.31307 -0.538965 0.754975 1.45322 -0.502249 0.224541 0.127106 0.239559 0.245153 0.0293121 0.303128 
-0.02415 -0.0424138 0.906581 281.601 705.768 882.607 -0.318774 0.373682 -0.239534 -0.549146 -0.738098 0.0724786 2.8073 0.00769872 0.3655 -0.151224 1.6962 0.483675 1.64115 0.703327 -0.319807 -0.530349 0.76636 1.47845 -0.457767 0.159335 0.126042 0.230551 0.249819 0.00813992 0.293391 
-0.0243014 -0.0416653 0.875912 271.167 694.525 887.136 -0.315063 0.409536 -0.219486 -0.604317 -0.908236 -0.0423393 2.82732 -0.0704327 0.37122 -0.151075 1.68802 0.439289 1.61329 0.660943 -0.327785 -0.523752 0.782949 1.50959 -0.38365 0.10564 0.121431 0.240421 0.24441 -0.0203459 0.269471 
-0.0297073 -0.0415331 0.851577 263.445 682.027 892.572 -0.320844 0.424124 -0.217939 -0.670582 -0.953345 -0.1055 2.81939 -0.104542 0.374594 -0.151419 1.67868 0.406613 1.59561 0.642898 -0.327926 -0.517514 0.799658 1.54296 -0.40797 0.0934861 0.119696 0.246863 0.239203 -0.0290881 0.237183 
-0.0369815 -0.0418365 0.851506 259.75 672.923 894.077 -0.312547 0.424884 -0.19933 -0.744773 -0.972028 -0.108908 2.80091 -0.104058 0.374167 -0.153632 1.6749 0.415521 1.60917 0.654905 -0.325605 -0.520492 0.793336 1.53412 -0.412665 0.0937072 0.117758 0.251482 0.239994 -0.0302987 0.227355 
0.0898979 0.00861585 0.969095 99.5989 872.935 866.26 -0.101172 -0.14683 -0.136222 -0.0751159 -0.181466 0.186404 2.72921 0.114815 0.361926 -0.142043 1.82648 0.325342 1.38476 0.858249 -0.332461 -0.511377 0.861886 1.70971 -0.68143 0.427447 0.0895046 -0.0579159 0.145825 -0.0317038 0.402086 
0.0725811 0.00267538 1.10342 73.5411 813.997 865.734 -0.122125 -0.0643443 -0.154675 -0.133133 -0.178013 0.145667 2.71842 0.0840574 0.358699 -0.142846 1.80084 0.340878 1.43113 0.888122 -0.325925 -0.505605 0.875483 1.72365 -0.637412 0.409725 0.0844266 0.0150096 0.150931 -0.0275525 0.416586 
0.0591465 -0.00527024 1.03209 58.547 776.083 867.01 -0.142162 -0.0383379 -0.165743 -0.147753 -0.20929 0.126818 2.73797 0.0592147 0.3551 -0.142371 1.80139 0.333904 1.43352 0.906803 -0.327492 -0.500733 0.874094 1.71794 -0.659376 0.411523 0.0726079 0.0371058 0.160791 -0.0300719 0.427692 
0.0512462 -0.0111679 0.99241 48.0813 759.365 868.32 -0.148658 -0.0235906 -0.173721 -0.205234 -0.241637 0.143864 2.7487 0.0656682 0.353462 -0.142283 1.80547 0.340429 1.42826 0.908829 -0.3287 -0.500149 0.869087 1.70974 -0.669739 0.415009 0.0609063 0.0438081 0.167478 -0.0314253 0.440391 
0.0685825 -0.0188736 0.979116 58.1502 726.854 872.786 -0.153748 0.0292749 -0.186725 -0.254272 -0.272597 0.182369 2.77062 0.193056 0.356499 -0.145391 1.80734 0.33642 1.42846 0.94701 -0.326996 -0.499943 0.865552 1.69163 -0.574455 0.37949 0.0553576 0.0535598 0.164343 -0.0305296 0.43453 
0.0946293 -0.0267664 0.995396 78.1543 694.471 876.353 -0.164151 0.0936301 -0.204042 -0.229006 -0.27816 0.217124 2.79499 0.398154 0.360656 -0.151703 1.81584 0.308744 1.3916 0.939317 -0.327051 -0.501327 0.870745 1.6486 -0.452453 0.35745 0.052888 0.063803 0.149239 -0.0262506 0.416132 
0.102909 -0.0301261 0.994218 89.5614 676.567 877.246 -0.167562 0.112623 -0.211738 -0.209031 -0.289941 0.200805 2.83684 0.445549 0.364825 -0.153433 1.81473 0.279601 1.37905 0.853148 -0.328696 -0.50157 0.86568 1.62449 -0.410793 0.395349 0.0462723 0.0770694 0.143043 -0.0212027 0.407861 
0.106163 -0.0228079 0.923892 97.1574 672.149 870.108 -0.17937 -0.032392 -0.120364 -0.411781 -0.562903 0.155685 2.88308 0.336644 0.37528 -0.152854 1.72283 0.16568 1.49845 0.736861 -0.318606 -0.490829 0.850461 1.61968 -0.55986 0.548947 0.0103887 0.1053 0.176842 -0.0333626 0.377295 
0.103898 -0.0187756 0.871533 96.2342 666.874 867.085 -0.193521 -0.0996219 -0.0717304 -0.471199 -0.754581 0.141798 2.86939 0.262889 0.378431 -0.151869 1.66925 0.106049 1.56375 0.695232 -0.312368 -0.485887 0.838774 1.62913 -0.659008 0.637086 -0.0036786 0.12783 0.195877 -0.0431441 0.367304 
0.10811 -0.0217832 0.852469 86.7005 662.318 871.294 -0.197316 -0.121564 -0.0561434 -0.417281 -0.83623 0.136561 2.84908 0.213187 0.376157 -0.151237 1.65255 0.0918705 1.57186 0.68952 -0.312775 -0.486119 0.836986 1.63194 -0.673564 0.650624 -0.00140094 0.136419 0.201003 -0.0439154 0.373554 
0.12085 -0.0341235 0.817887 77.3189 662.251 879.609 -0.200257 -0.0827221 -0.0383778 -0.463639 -0.881211 0.124366 2.87493 0.155813 0.374408 -0.146935 1.61329 0.0993501 1.52265 0.612094 -0.311342 -0.483685 0.843524 1.66284 -0.598911 0.620545 0.0128032 0.149987 0.185061 -0.0371995 0.369998 
0.117219 -0.0372141 0.79755 71.0467 651.773 884.597 -0.210321 -0.0781921 -0.0137542 -0.491284 -0.907751 0.129692 2.88894 0.158074 0.372757 -0.146796 1.59697 0.10695 1.51656 0.567134 -0.310505 -0.480395 0.844785 1.65842 -0.549996 0.60969 0.0250918 0.165197 0.173721 -0.0302105 0.365737 
0.111404 -0.0307189 0.807365 63.5532 639.48 885.651 -0.241747 -0.0983695 0.0264441 -0.460948 -0.904808 0.134878 2.86653 0.200691 0.371427 -0.147503 1.60445 0.0812039 1.56126 0.55785 -0.311498 -0.481186 0.847741 1.62603 -0.53769 0.614809 0.0332913 0.163485 0.16438 -0.0303143 0.366643 
0.109703 -0.0262375 0.806066 56.4506 631.705 885.864 -0.261598 -0.126877 0.0583785 -0.38436 -0.910004 0.128716 2.82934 0.223089 0.370679 -0.146103 1.6054 0.0652208 1.59366 0.535144 -0.31192 -0.482764 0.856616 1.61037 -0.527452 0.631508 0.0378285 0.16253 0.15964 -0.0311937 0.366461 
0.102881 -0.0195173 0.831327 47.8953 620.342 886.303 -0.324854 -0.135088 0.101109 -0.369108 -0.921099 0.139188 2.78137 0.324094 0.367225 -0.150111 1.64099 0.0336639 1.64855 0.483601 -0.315612 -0.486502 0.865434 1.58632 -0.523103 0.642227 0.0414629 0.151037 0.148354 -0.0384631 0.349026 
0.0978849 -0.0196578 0.863444 44.5188 615.427 886.174 -0.354732 -0.150612 0.128665 -0.371595 -0.95714 0.140428 2.74852 0.493615 0.364796 -0.148234 1.6545 0.0126 1.6889 0.425429 -0.316222 -0.488787 0.871339 1.57107 -0.487379 0.668991 0.0434658 0.134332 0.130312 -0.0357958 0.333833 
0.0946063 -0.0190322 0.908291 41.2823 610.31 887.312 -0.361771 -0.161316 0.142276 -0.377719 -1.00244 0.152534 2.75388 0.712941 0.367228 -0.151493 1.66788 0.00016614 1.71035 0.373213 -0.317715 -0.492902 0.869327 1.5905 -0.459615 0.68657 0.0461983 0.103114 0.118926 -0.0217967 0.325139 
0.0995944 -0.019443 0.937432 31.6313 607.06 886.579 -0.385758 -0.187541 0.176278 -0.352968 -1.00828 0.108932 2.79701 0.899619 0.36898 -0.152492 1.6719 -0.00296305 1.72035 0.327666 -0.321822 -0.490523 0.863255 1.5989 -0.525611 0.676073 0.0497845 0.0671044 0.112437 -0.0057136 0.310681 
0.1057 -0.0313284 0.981055 23.1387 607.652 881.886 -0.430811 -0.206028 0.221976 -0.381979 -1.03224 0.0405487 2.82015 1.10167 0.371215 -0.144069 1.65429 1.65679e-06 1.73355 0.301578 -0.322746 -0.482521 0.864488 1.60165 -0.571589 0.718703 0.0556946 0.0269287 0.0930141 0.0159892 0.339054 
0.104411 -0.0334102 0.997472 23.7061 603.295 880.649 -0.435666 -0.245901 0.222392 -0.349969 -1.0197 0.00699192 2.84514 1.14142 0.374625 -0.145385 1.66391 -0.00793901 1.74735 0.238711 -0.322879 -0.484988 0.864323 1.59517 -0.598424 0.721483 0.0517764 0.0128778 0.0870599 0.0185855 0.341116 
0.082802 0.0114864 0.891953 83.4078 897.014 866.74 -0.0770982 -0.220445 -0.129418 -0.160985 -0.155149 0.137368 2.70636 0.0974002 0.36199 -0.146043 1.85472 0.32448 1.38438 0.838025 -0.331559 -0.512511 0.857921 1.72922 -0.733807 0.459629 0.0878518 -0.138734 0.151141 -0.0289451 0.369943 
0.0770117 0.0131014 0.767956 50.4073 835.171 865.718 -0.0687384 -0.270362 -0.143536 -0.198116 -0.188828 0.0909129 2.71518 0.106765 0.363732 -0.146897 1.84745 0.333008 1.37854 0.853625 -0.33022 -0.509552 0.860789 1.7152 -0.715948 0.481567 0.0879634 -0.170658 0.153401 -0.0234803 0.352205 
0.0677234 0.00843929 0.68078 -6.13771 785.712 866.912 -0.0678854 -0.297522 -0.132579 -0.210829 -0.224141 0.102754 2.71028 0.117746 0.365351 -0.143332 1.84205 0.325053 1.39144 0.890461 -0.331736 -0.50715 0.870725 1.72312 -0.691105 0.444667 0.0832855 -0.158349 0.155981 -0.0185203 0.36183 
0.0679807 0.00727081 0.707488 -43.0199 729.972 868.335 -0.0840449 -0.258788 -0.119176 -0.15053 -0.273802 0.129977 2.72485 0.135816 0.366944 -0.142799 1.81355 0.311612 1.40382 0.927333 -0.330514 -0.50505 0.870602 1.69666 -0.665639 0.434034 0.0788596 -0.1293 0.143892 -0.0243497 0.345408 
0.0536737 -8.19808e-05 0.799064 -93.3142 679.846 868.374 -0.0851109 -0.261064 -0.118094 -2.09609e-05 -0.294077 0.137689 2.74428 0.179284 0.364934 -0.144298 1.79953 0.312215 1.39501 0.924936 -0.330129 -0.501932 0.892633 1.66302 -0.658254 0.445748 0.0711655 -0.026572 0.158746 -0.0456266 0.340107 
0.0608979 0.00684542 0.827726 -80.8812 629.102 866.861 -0.0855838 -0.229081 -0.100103 -0.0719432 -0.338261 0.0353015 2.73842 0.133922 0.363204 -0.134435 1.77557 0.357067 1.42727 0.907884 -0.329968 -0.506706 0.866959 1.6487 -0.686786 0.42415 0.0646332 -0.0297417 0.149323 -0.0269078 0.349477 
0.0905264 0.014754 0.916707 -40.3878 548.636 868.151 -0.126188 -0.135239 0.0118023 -0.293255 -0.462828 -0.107841 2.71518 -0.0371801 0.357161 -0.12464 1.75462 0.361017 1.48901 0.899524 -0.330041 -0.523669 0.830648 1.60976 -0.621406 0.361613 0.0592413 -0.0465704 0.143807 0.0112316 0.302449 
0.113596 0.0186696 0.92986 -46.8017 520.013 871.848 -0.186286 -0.0591136 0.0566745 -0.462192 -0.567908 -0.203587 2.74771 -0.0314375 0.351347 -0.128219 1.75524 0.322693 1.49199 0.919714 -0.330576 -0.527184 0.805461 1.58242 -0.594957 0.35529 0.0531018 -0.0330003 0.156925 0.0126631 0.277903 
0.113059 0.0237656 0.915898 -47.3005 495.399 873.178 -0.213175 -0.080193 0.0731244 -0.448704 -0.616147 -0.294062 2.74954 0.0565102 0.350339 -0.130743 1.75654 0.310342 1.45076 0.938931 -0.33112 -0.525559 0.801548 1.58315 -0.570564 0.343017 0.053867 -0.0192608 0.164441 0.0118768 0.293342 
0.112523 0.0171574 0.992762 1.98249 430.824 874.859 -0.215523 -0.171742 0.0661844 -0.325506 -0.476835 -0.474349 2.77541 -0.0886583 0.358043 -0.12474 1.76327 0.320731 1.39852 1.04731 -0.329422 -0.527838 0.831318 1.60603 -0.542274 0.38336 0.0488417 0.00124261 0.18371 -0.00220228 0.319679 
0.0941961 0.00863514 1.07923 21.9182 387.915 876.742 -0.207852 -0.228958 0.0897065 -0.267067 -0.406565 -0.556444 2.83004 -0.215246 0.366535 -0.126584 1.76566 0.324963 1.38014 1.1732 -0.324139 -0.524358 0.850836 1.60221 -0.594087 0.425558 0.055778 0.0351535 0.196994 -0.005022 0.331744 
0.0873952 0.0144474 1.10819 11.6808 365.388 877.85 -0.220316 -0.223945 0.0923619 -0.26828 -0.402202 -0.55991 2.80829 -0.252037 0.366026 -0.125503 1.75897 0.315601 1.3759 1.19113 -0.324321 -0.527697 0.842478 1.57729 -0.612823 0.405403 0.0597772 0.0405855 0.198019 -0.0059129 0.325052 
0.0912829 0.0218144 1.11971 -4.36967 344.666 880.1 -0.226226 -0.234792 0.0601921 -0.217481 -0.405343 -0.552417 2.78401 -0.299814 0.363859 -0.124812 1.75515 0.302981 1.38318 1.19807 -0.324209 -0.529811 0.839153 1.59759 -0.626955 0.434305 0.0638404 0.0296512 0.197453 -0.0104202 0.321503 
0.0877164 0.0225974 1.11141 -16.2555 331.09 882.117 -0.226767 -0.239012 0.0678291 -0.192952 -0.421927 -0.556734 2.75344 -0.340331 0.363561 -0.123752 1.75543 0.304585 1.37072 1.29764 -0.323876 -0.532138 0.843907 1.55458 -0.635463 0.401408 0.0732314 0.0299136 0.193057 -0.0110205 0.335717 
0.0711454 0.0205549 1.05957 -21.136 331.352 885.505 -0.257332 -0.299347 0.116328 -0.112541 -0.426396 -0.557385 2.73422 -0.388586 0.363808 -0.121305 1.76917 0.31565 1.394 1.36182 -0.325471 -0.528892 0.860335 1.53018 -0.533891 0.393901 0.0728175 0.0532428 0.201744 -0.012717 0.345465 
0.056584 0.0202766 1.01228 -24.7412 327.971 889.066 -0.298344 -0.365358 0.170823 -0.0253193 -0.414332 -0.555942 2.73728 -0.435703 0.365724 -0.117888 1.77526 0.312802 1.41502 1.43366 -0.322734 -0.526546 0.881017 1.48533 -0.403647 0.37547 0.0703066 0.0957721 0.204215 -0.0144554 0.358368 
0.0377217 0.0229214 0.997295 -29.734 318.223 893.759 -0.337205 -0.422657 0.210169 0.0799089 -0.405111 -0.547286 2.74111 -0.472403 0.366543 -0.114675 1.78043 0.338092 1.40436 1.49656 -0.318672 -0.527952 0.884431 1.44008 -0.309384 0.390123 0.0738646 0.116516 0.208936 -0.0189293 0.338847 
0.0412781 0.0280374 0.993064 -39.7133 311.717 896.048 -0.362722 -0.454814 0.207998 0.166365 -0.41686 -0.535582 2.71935 -0.489405 0.367706 -0.11085 1.77039 0.379026 1.39398 1.54451 -0.315391 -0.527389 0.873134 1.43952 -0.291856 0.40462 0.0709259 0.0940399 0.22658 -0.0161389 0.335193 
0.046179 0.0286643 1.02674 -45.9616 303.056 895.646 -0.344275 -0.45928 0.179793 0.145616 -0.458753 -0.520383 2.75435 -0.470616 0.36773 -0.11303 1.77611 0.370379 1.38384 1.5981 -0.316739 -0.524294 0.88179 1.4769 -0.314061 0.406648 0.0683377 0.0531642 0.248193 -0.0150264 0.355268 
0.0582943 0.0177147 1.12602 -56.9175 295.303 889.228 -0.268771 -0.457713 0.159872 0.0768674 -0.514944 -0.459709 2.92245 -0.169325 0.368452 -0.120131 1.82841 0.238041 1.37163 1.67435 -0.329466 -0.520067 0.909105 1.49626 -0.489646 0.409677 0.0804706 -0.0468406 0.27196 0.00868722 0.388752 
0.0774841 0.0109243 0.977705 105.149 954.016 868.035 -0.106077 -0.207673 -0.14409 -0.137686 -0.162173 0.168101 2.71688 0.138065 0.361861 -0.142429 1.84553 0.319447 1.39244 0.892326 -0.330832 -0.5132 0.860138 1.7234 -0.722829 0.431941 0.0916588 -0.0906488 0.140555 -0.0336477 0.385272 
0.0824075 0.0115929 0.965329 98.7742 966.813 868.064 -0.0993974 -0.22556 -0.142458 -0.19791 -0.164464 0.0837866 2.71533 0.218041 0.361258 -0.143415 1.84378 0.347495 1.39799 0.940799 -0.328835 -0.515807 0.866244 1.73348 -0.681724 0.418132 0.0843545 -0.0832999 0.136565 -0.0387287 0.37523 
0.0788104 0.0192798 0.910998 83.314 955.761 867.929 -0.0649851 -0.212196 -0.139911 -0.22165 -0.116056 0.0354896 2.70178 0.265595 0.36444 -0.140862 1.83303 0.352653 1.42531 1.0087 -0.328063 -0.518488 0.890533 1.75876 -0.571426 0.41211 0.0732506 -0.0650445 0.123977 -0.0504137 0.387445 
0.0584993 0.0363399 0.864836 50.9745 895.001 867.714 -0.0822801 -0.206097 -0.050069 -0.417324 -0.059945 0.00703315 2.72711 0.227708 0.369331 -0.137034 1.82953 0.342992 1.42182 1.05647 -0.328598 -0.520634 0.862209 1.84908 -0.493971 0.44127 0.095644 -0.065571 0.110364 -0.0285761 0.411451 
0.0557699 0.0411755 0.884627 37.2847 869.399 865.011 -0.0845476 -0.202096 -0.0518476 -0.430409 -0.0360012 0.010422 2.72541 0.177611 0.370668 -0.13515 1.83775 0.350533 1.4052 1.17107 -0.330963 -0.51649 0.8587 1.89535 -0.466088 0.442987 0.108556 -0.0157781 0.106336 -0.0270413 0.430213 
0.0605403 0.0450036 0.874648 25.7858 870.72 862.746 -0.0872291 -0.159215 -0.0892529 -0.445848 -0.0444554 0.0337035 2.67729 0.181681 0.372222 -0.137312 1.8323 0.379229 1.39984 1.36524 -0.33397 -0.516742 0.868973 1.90986 -0.453199 0.392735 0.11063 -0.00178597 0.103488 -0.0191615 0.42735 
0.0662045 0.0520328 0.908361 19.4434 862.334 860.955 -0.0686841 -0.111604 -0.123436 -0.443766 -0.0610584 0.0378551 2.63854 0.206106 0.372446 -0.142381 1.81043 0.402713 1.38987 1.55592 -0.332134 -0.517872 0.889936 1.9615 -0.448478 0.326309 0.111039 0.0279606 0.100357 -0.0181455 0.409171 
0.0706976 0.0551227 0.954706 19.265 862.199 859.419 -0.0544701 -0.0984552 -0.156017 -0.445616 -0.0727355 0.0413106 2.63117 0.246602 0.37277 -0.145757 1.80244 0.41362 1.40676 1.65659 -0.329292 -0.515681 0.904516 2.00872 -0.45345 0.280512 0.108455 0.0424196 0.0896872 -0.0170532 0.408006 
0.0732728 0.0583247 0.665545 -15.3631 824.073 849.719 -0.0742008 -0.132053 -0.0469102 -0.265388 -0.0546237 0.0539317 2.64246 0.187161 0.373809 -0.143803 1.78646 0.357645 1.42459 1.33236 -0.327356 -0.519668 0.884534 1.98913 -0.454247 0.212191 0.0942767 -0.0516652 0.125038 -0.0268105 0.430643 
0.0710788 0.0526119 0.0898045 -98.2598 731.157 840.959 -0.145715 -0.268997 0.191816 -0.010097 -0.0142142 0.0853528 2.71075 0.0235518 0.373749 -0.142641 1.79904 0.292462 1.38864 0.708876 -0.326115 -0.536439 0.856935 1.90417 -0.502301 0.185176 0.0600422 -0.195507 0.184309 -0.0254832 0.507907 
0.0627405 0.0490615 0.0974798 -158.187 675.149 837.701 -0.116509 -0.295147 0.198003 -0.0490884 0.00369024 0.0682714 2.7205 0.0244718 0.37553 -0.143145 1.79993 0.300277 1.33922 0.773461 -0.32012 -0.536966 0.849142 1.93499 -0.553018 0.184542 0.0612765 -0.166233 0.19298 -0.0207926 0.481641 
0.050295 0.0496688 0.134715 -197.847 612.13 835.279 -0.104573 -0.354381 0.227064 -0.167418 0.0105374 0.0353457 2.72186 -0.0196086 0.378508 -0.139694 1.80094 0.310568 1.33992 0.758281 -0.320651 -0.532247 0.843381 1.97092 -0.555522 0.201844 0.0577674 -0.150222 0.196889 -0.0216779 0.454197 
0.0545338 0.0384417 0.136118 -234.041 537.336 832.895 -0.0852738 -0.322835 0.250851 -0.133031 -0.0834865 -0.0390211 2.68933 0.0851913 0.381597 -0.142693 1.79329 0.365824 1.30963 0.700959 -0.314455 -0.53518 0.828558 1.91022 -0.593687 0.263206 0.0419141 -0.0702576 0.183251 -0.0337386 0.455029 
0.052303 0.0429659 0.255537 -262.339 511.864 832.636 -0.103572 -0.358264 0.239752 -0.190796 -0.122148 -0.0975431 2.68416 0.115362 0.382605 -0.14135 1.78663 0.353857 1.29747 0.757266 -0.314016 -0.53394 0.824527 1.92954 -0.600114 0.252397 0.0406513 -0.0391015 0.197173 -0.0370946 0.438685 
0.0587698 0.040658 0.407911 -278.094 446.768 832.771 -0.117661 -0.388472 0.233045 -0.114622 -0.140647 -0.102313 2.63823 0.131122 0.382773 -0.150194 1.79874 0.337795 1.28797 0.816663 -0.312379 -0.539756 0.821275 1.90206 -0.547952 0.221568 0.0379342 0.0637804 0.190175 -0.0410268 0.469098 
0.0632105 0.0391899 0.530431 -289.532 396.872 832.344 -0.155139 -0.412285 0.213072 -0.113697 -0.226925 -0.130187 2.60409 0.136474 0.381539 -0.157787 1.79755 0.326986 1.25996 0.84054 -0.314169 -0.539273 0.826866 1.90321 -0.528424 0.174272 0.0439751 0.112938 0.186083 -0.0434556 0.504411 
0.0840947 0.0431824 0.598855 -235.69 307.721 830.12 -0.129252 -0.380013 0.160402 -0.223382 -0.186741 -0.163159 2.498 0.109488 0.388429 -0.163278 1.74968 0.327953 1.13631 0.885276 -0.320537 -0.542444 0.851847 1.84812 -0.686924 0.376285 0.0511454 0.227398 0.192138 -0.0522482 0.508351 
0.0904581 0.0488346 0.639268 -207.498 263.629 831.134 -0.138016 -0.435939 0.145761 -0.281716 -0.197064 -0.179545 2.4629 0.0405154 0.387973 -0.163331 1.73627 0.336731 1.09595 0.89975 -0.32179 -0.544017 0.849324 1.86808 -0.701138 0.415533 0.0542552 0.192096 0.192 -0.0533656 0.518815 
0.0819386 0.0579209 0.603038 -194.272 229.49 835.146 -0.158836 -0.522902 0.15201 -0.320704 -0.238629 -0.285351 2.46718 0.047516 0.387326 -0.16623 1.73799 0.371477 1.10704 0.909438 -0.311403 -0.546163 0.855933 1.88069 -0.706806 0.444355 0.0571717 0.189903 0.200092 -0.0529318 0.520308 
0.0774517 0.0604913 0.573472 -186.404 219.893 838.828 -0.166752 -0.548014 0.193278 -0.342142 -0.299946 -0.353287 2.4627 -0.0263863 0.388296 -0.172618 1.73721 0.384704 1.10816 0.926859 -0.303797 -0.548323 0.857478 1.86895 -0.740154 0.476219 0.0561404 0.198122 0.203486 -0.049784 0.51945 
0.0780332 0.0120232 0.969125 106.727 954.373 867.539 -0.0941537 -0.220958 -0.142861 -0.16963 -0.155324 0.15267 2.72707 0.149607 0.361543 -0.141561 1.83785 0.323024 1.40867 0.883979 -0.33151 -0.512898 0.866239 1.72922 -0.711608 0.444704 0.091647 -0.0843468 0.142763 -0.0307014 0.381698 
0.0742043 0.00857131 0.966524 102.561 957.169 867.123 -0.0847271 -0.228482 -0.149974 -0.244503 -0.143744 0.0876006 2.7357 0.306374 0.361327 -0.139829 1.83839 0.338741 1.43502 0.9423 -0.33317 -0.511625 0.874894 1.70534 -0.676535 0.41474 0.0882321 -0.0822042 0.136814 -0.0347013 0.395517 
0.0668887 0.00530631 0.999633 90.3396 939.703 866.876 -0.0643872 -0.248963 -0.146612 -0.317632 -0.122993 0.059131 2.7455 0.358806 0.362376 -0.140515 1.83314 0.355196 1.43368 1.02091 -0.333916 -0.509487 0.889487 1.71655 -0.671646 0.389655 0.088754 -0.0634462 0.137978 -0.0373298 0.390284 
0.0527441 0.0180658 1.10652 46.9973 874.077 859.505 -0.0223663 -0.310391 -0.0846994 -0.212768 -0.0544334 0.0608605 2.77193 0.19803 0.364196 -0.139742 1.7819 0.394226 1.43826 1.18373 -0.32838 -0.50343 0.918145 1.83794 -0.838487 0.475762 0.119345 -0.10552 0.130716 -0.0486432 0.277936 
0.0461003 0.0268783 1.1724 17.4588 832.5 851.312 0.00427258 -0.372396 -0.0553003 -0.0772836 0.0109865 0.0347828 2.79564 0.156623 0.363952 -0.134614 1.74107 0.414506 1.5097 1.30055 -0.327755 -0.497089 0.927555 1.96085 -0.959194 0.513411 0.149898 -0.136102 0.107408 -0.0551402 0.18433 
0.0465682 0.031195 1.19234 13.3283 824.274 847.144 0.0371291 -0.381328 -0.060303 -0.0599721 0.0324097 0.043191 2.79944 0.174938 0.365316 -0.131395 1.74268 0.427228 1.54366 1.35738 -0.331241 -0.495374 0.909752 1.98128 -0.962523 0.521486 0.159146 -0.149746 0.0947188 -0.0573198 0.185215 
0.0474568 0.0323083 1.20275 15.3827 823.762 843.124 0.074314 -0.396762 -0.0638255 -0.0741715 0.0193791 0.0302597 2.79217 0.209437 0.369095 -0.128276 1.74872 0.423825 1.55711 1.46356 -0.334153 -0.492434 0.888313 1.99937 -0.985852 0.511916 0.159035 -0.143169 0.0958712 -0.057021 0.187422 
0.0409737 0.0325531 1.21309 13.2563 821.634 840.682 0.0924239 -0.400531 -0.0689005 -0.0978618 0.0349764 0.0285581 2.76263 0.248506 0.370816 -0.128805 1.74912 0.420936 1.56634 1.52543 -0.332941 -0.489188 0.884039 2.03551 -1.01594 0.506825 0.162524 -0.143944 0.0931924 -0.0606016 0.178228 
0.0419846 0.0330121 1.20877 9.11743 813.931 841.438 0.104726 -0.408382 -0.062993 -0.168442 0.0315317 0.0544579 2.75931 0.303447 0.371209 -0.12746 1.75939 0.426688 1.57492 1.57091 -0.33221 -0.491083 0.89616 2.06597 -1.01599 0.479688 0.168709 -0.135788 0.0808554 -0.0652418 0.17102 
0.0247464 0.0383377 1.1935 3.77739 804.499 846.475 0.129924 -0.620903 -0.0860171 -0.634495 0.0267424 0.105874 2.67464 0.33569 0.368848 -0.116107 1.77623 0.33902 1.67215 1.47113 -0.334005 -0.486757 0.890195 2.17991 -1.15431 0.300183 0.181658 -0.127651 0.0471208 -0.0792034 0.0688624 
0.0269495 0.0466667 1.25139 1.47796 790.75 848.334 0.135638 -0.807396 -0.0959264 -0.649404 0.0439252 0.12948 2.68891 0.335252 0.368503 -0.113976 1.77794 0.302451 1.7067 1.48406 -0.335197 -0.489663 0.884527 2.14329 -1.17047 0.220455 0.189655 -0.150814 0.0231007 -0.0851445 0.06414 
0.0300634 0.0538617 1.31376 4.98412 788.276 849.764 0.118427 -0.905293 -0.107083 -0.46093 0.0443427 0.123925 2.7013 0.335471 0.368173 -0.115135 1.75738 0.316513 1.70419 1.51929 -0.336253 -0.49057 0.876502 2.06576 -1.19701 0.143776 0.189291 -0.178917 0.00333791 -0.0842633 0.0645254 
0.037274 0.0569389 1.32013 4.93741 778.977 851.506 0.111087 -0.980833 -0.133761 -0.246084 0.0485061 0.138495 2.71877 0.346664 0.366959 -0.119941 1.77557 0.304795 1.70021 1.56747 -0.335783 -0.488293 0.876558 2.08293 -1.19567 0.141982 0.192656 -0.191942 -0.00220855 -0.0865842 0.105731 
0.0409983 0.0650747 1.30811 -4.13842 753.344 852.293 0.109585 -1.00847 -0.108375 -0.103317 0.116585 0.0805578 2.70951 0.290368 0.367175 -0.125304 1.78651 0.249636 1.66079 1.58592 -0.343867 -0.485179 0.880991 2.11409 -1.20039 0.124389 0.21499 -0.179614 0.00273492 -0.0867573 0.125544 
0.0601028 0.0668167 1.31183 -30.7827 745.203 853.441 0.120836 -1.0525 -0.119197 -0.00408544 0.147593 0.111771 2.70267 0.344865 0.368176 -0.128485 1.7825 0.26892 1.62814 1.59581 -0.345623 -0.481247 0.88006 2.14261 -1.18449 0.112201 0.225331 -0.186507 -0.00180856 -0.0912825 0.115081 
0.0707913 0.0647179 1.46607 -80.7635 744.663 855.987 0.134225 -1.16468 -0.152367 0.117901 0.150496 0.127867 2.73547 0.484085 0.367677 -0.137529 1.74567 0.34252 1.58298 1.6641 -0.345526 -0.478372 0.877849 2.18008 -1.17282 0.187838 0.227148 -0.203184 -0.00785985 -0.106543 0.0785955 
0.0504859 0.0661595 1.60858 -91.4655 747.54 860.291 0.146318 -1.25503 -0.159088 0.190931 0.0954855 0.0393017 2.74327 0.453715 0.363444 -0.142096 1.73099 0.330674 1.57103 1.77216 -0.346638 -0.481945 0.871604 2.18876 -1.16573 0.262365 0.222802 -0.210521 0.0101916 -0.111253 0.0718498 
0.0449557 0.0686051 1.62369 -95.7272 749.694 862.422 0.17189 -1.25739 -0.153749 0.201146 0.10693 0.0493594 2.75163 0.461299 0.364227 -0.140818 1.73951 0.316649 1.57494 1.82444 -0.344768 -0.480075 0.869791 2.2518 -1.11501 0.284523 0.224909 -0.222715 0.0118213 -0.106632 0.0706512 
0.0367081 0.0692921 1.61828 -93.6656 750.323 862.769 0.202238 -1.25116 -0.140043 0.231324 0.104726 0.05426 2.76207 0.466141 0.366627 -0.141908 1.74667 0.311519 1.57166 1.87593 -0.343959 -0.477197 0.864465 2.30791 -1.06471 0.310572 0.224121 -0.223755 0.0191509 -0.104311 0.0676889 
0.0326337 0.0664044 1.60741 -94.7501 752.067 863.468 0.226426 -1.23432 -0.116716 0.311703 0.0928028 0.0612991 2.76593 0.495069 0.368939 -0.144471 1.75015 0.288422 1.56795 1.90005 -0.342781 -0.473555 0.872758 2.36737 -1.04087 0.321509 0.226115 -0.228556 0.0249382 -0.102598 0.0446374 
0.0802368 0.0123581 0.972029 104.913 957.405 868.293 -0.101016 -0.211136 -0.141169 -0.162448 -0.158302 0.157065 2.71547 0.127389 0.361982 -0.141203 1.84127 0.320643 1.39691 0.881018 -0.3307 -0.511778 0.861626 1.72001 -0.71947 0.454107 0.0907317 -0.0879412 0.139491 -0.032136 0.379881 
0.0844643 0.0142919 0.992912 96.8866 965.403 868.04 -0.0857834 -0.26362 -0.155436 -0.241554 -0.159132 0.123691 2.70825 0.148149 0.362164 -0.143155 1.84627 0.325851 1.41103 0.948929 -0.332131 -0.510951 0.877869 1.70017 -0.682099 0.444226 0.0874592 -0.0927942 0.130041 -0.0403014 0.358454 
0.0830113 0.0142075 1.04241 86.1718 946.697 868.89 -0.0492807 -0.272797 -0.181852 -0.283015 -0.128062 0.0928789 2.69093 0.262528 0.363194 -0.142525 1.85689 0.33019 1.45389 1.03439 -0.329634 -0.512259 0.89729 1.69325 -0.672592 0.434015 0.0839521 -0.125076 0.12876 -0.0393511 0.353978 
0.0744025 0.0106976 1.13546 75.8263 919.854 867.128 0.0067411 -0.247067 -0.189492 -0.224482 -0.0676245 0.0736838 2.71755 0.354595 0.364374 -0.138587 1.88093 0.319569 1.50427 1.12817 -0.326501 -0.515296 0.903008 1.71185 -0.710414 0.451642 0.0883388 -0.167488 0.125442 -0.0341358 0.399443 
0.0642437 0.00398502 1.22415 57.3563 882.665 862.358 0.0526185 -0.223754 -0.185864 -0.202263 -0.00708087 0.0532135 2.77158 0.353509 0.366437 -0.137726 1.90921 0.324136 1.50294 1.18379 -0.322872 -0.514523 0.903705 1.78052 -0.682309 0.428487 0.108831 -0.197576 0.1151 -0.0285049 0.465996 
0.064302 0.000991014 1.2483 43.5045 866.896 856.705 0.0663357 -0.237208 -0.17978 -0.250317 0.0626139 0.0274008 2.78507 0.351987 0.366634 -0.135108 1.92838 0.334893 1.51126 1.27295 -0.319342 -0.513892 0.902813 1.82702 -0.663249 0.384662 0.128475 -0.189659 0.0992739 -0.0228365 0.505528 
0.0707733 -0.0017574 1.23201 33.7621 860.043 853.756 0.0894659 -0.23524 -0.195577 -0.264479 0.077887 0.0268305 2.77885 0.370133 0.365543 -0.132673 1.94476 0.33151 1.51843 1.37678 -0.318164 -0.513457 0.896532 1.84856 -0.653969 0.369166 0.145488 -0.181572 0.0940923 -0.0161748 0.512719 
0.0720915 -9.62114e-05 1.24621 24.2567 850.747 850.867 0.116975 -0.202272 -0.222286 -0.216832 0.0564392 0.017995 2.74338 0.337878 0.364572 -0.133231 1.97153 0.303777 1.53414 1.49417 -0.319031 -0.512611 0.899344 1.85456 -0.713169 0.311964 0.164527 -0.16523 0.0912334 -0.00908066 0.518367 
0.0738959 0.00325729 1.26488 18.6398 839.854 850.613 0.134425 -0.186852 -0.229295 -0.195102 0.0193881 0.0174123 2.71494 0.347487 0.361768 -0.130606 1.98608 0.301209 1.55967 1.56581 -0.321078 -0.511968 0.90425 1.86671 -0.722008 0.268241 0.176131 -0.14747 0.0947412 -0.0128331 0.506194 
0.0706054 0.0100993 1.28289 10.287 827.796 851.883 0.132205 -0.151525 -0.242243 -0.171459 0.000215383 0.0355036 2.6848 0.326115 0.358733 -0.122914 1.98854 0.341224 1.59045 1.59528 -0.318892 -0.514877 0.907699 1.87211 -0.704562 0.216708 0.187922 -0.125773 0.0907199 -0.0166642 0.459457 
0.0674146 0.0123637 1.27398 2.43669 824.204 852.318 0.122721 -0.141716 -0.267221 -0.155879 -0.0308442 0.0656302 2.67389 0.299385 0.355231 -0.114407 1.98562 0.388443 1.64419 1.63406 -0.314555 -0.516969 0.90942 1.8741 -0.676795 0.167219 0.196725 -0.0825771 0.0762402 -0.0219777 0.422918 
0.0634264 0.0124788 1.27392 2.0743 820.963 850.33 0.132117 -0.124435 -0.282854 -0.181375 -0.0320036 0.0686939 2.64531 0.353593 0.355926 -0.114266 1.98406 0.399567 1.66552 1.63719 -0.313945 -0.518695 0.918471 1.86925 -0.652047 0.146731 0.200228 -0.0754798 0.067712 -0.0196989 0.40591 
0.0590552 0.00517001 1.2691 2.61704 821.188 845.957 0.150873 -0.152813 -0.308547 -0.26137 -0.0213043 0.0547752 2.64271 0.362396 0.356947 -0.123261 1.97728 0.380414 1.67324 1.63919 -0.315725 -0.515018 0.933229 1.88463 -0.625637 0.116797 0.204693 -0.0647311 0.0540329 -0.0210587 0.453143 
0.0645027 0.00712084 1.29071 7.42923 813.75 837.265 0.203307 -0.401133 -0.345199 -0.48089 -0.0137437 0.115975 2.66491 0.542903 0.352259 -0.145885 1.98582 0.273143 1.73209 1.60817 -0.32004 -0.528752 0.952484 1.90638 -0.894615 0.0867293 0.209315 -0.0763553 0.0927445 0.0097495 0.485119 
0.0714378 0.014341 1.33328 -4.73013 799.937 834.198 0.243785 -0.650105 -0.395246 -0.654514 -0.0256379 0.168607 2.6802 0.665889 0.346885 -0.158085 1.99609 0.211667 1.79037 1.5902 -0.321624 -0.540388 0.962609 1.91672 -1.15691 0.0597712 0.211599 -0.106506 0.123561 0.0258519 0.484387 
0.0936629 -0.000456536 1.4636 -61.6097 762.914 834.454 0.218127 -0.687867 -0.384148 -0.542996 0.0953425 0.250663 2.61151 0.566057 0.354711 -0.157175 1.96393 0.155963 1.78647 1.57025 -0.318225 -0.530271 0.979097 1.90605 -1.15101 -0.0019048 0.214421 -0.0806691 0.1383 0.0172353 0.446794 
0.108529 -0.000862683 1.54531 -88.4277 752.411 834.923 0.227784 -0.773101 -0.369775 -0.547446 0.150372 0.293282 2.55148 0.584046 0.357311 -0.152718 1.95286 0.124792 1.76569 1.57096 -0.315794 -0.524214 0.984217 1.90373 -1.16118 -0.0297506 0.220487 -0.0792685 0.150259 0.0220978 0.434794 
0.122839 0.00565081 1.5766 -94.7929 751.07 837.273 0.247919 -0.825687 -0.370998 -0.531853 0.149928 0.300332 2.53196 0.5584 0.357197 -0.148234 1.94528 0.119768 1.76741 1.59017 -0.315528 -0.524609 0.983917 1.91061 -1.17259 -0.0463466 0.22928 -0.0644038 0.147784 0.0200039 0.441399 
0.129379 0.00860438 1.60758 -101.401 755.245 839.681 0.27574 -0.854394 -0.383232 -0.47921 0.125473 0.30255 2.51754 0.590726 0.354078 -0.146988 1.94702 0.110874 1.78797 1.58104 -0.31512 -0.529443 0.988191 1.91873 -1.19642 -0.0394818 0.238047 -0.0551691 0.152817 0.0286181 0.423265 
0.140136 -0.00397643 1.98565 -94.8949 701.738 836.645 0.298252 -0.966279 -0.461989 -0.544539 0.0738245 0.26246 2.65061 0.4941 0.361776 -0.154797 1.87793 0.134267 1.87318 1.76385 -0.313481 -0.510459 1.05003 1.84023 -1.22662 -0.079388 0.211257 0.0274768 0.0898091 0.0177165 0.36614 
0.079806 0.0141945 0.98915 106.754 955.062 868.478 -0.102983 -0.234851 -0.150354 -0.134722 -0.168144 0.156384 2.74215 0.138787 0.360783 -0.141889 1.83863 0.319969 1.40449 0.88638 -0.329187 -0.513013 0.867297 1.71342 -0.716708 0.431365 0.0908536 -0.103462 0.140593 -0.0296203 0.379196 
0.0823557 0.0195495 0.945753 104.249 966.635 871.041 -0.070784 -0.303 -0.232333 -0.213019 -0.307353 0.0863703 2.77417 0.117505 0.360023 -0.138652 1.84246 0.349181 1.41872 0.965494 -0.331047 -0.512213 0.873812 1.70631 -0.755708 0.404593 0.0769377 -0.0824489 0.146174 -0.0112674 0.371046 
0.0643042 0.0283973 0.873768 107.241 937.757 877.084 -0.00980945 -0.313018 -0.325855 -0.237422 -0.693845 0.0070252 2.66443 0.0238361 0.361258 -0.13344 1.86348 0.393543 1.42493 0.999433 -0.341913 -0.516169 0.878362 1.72998 -0.858426 0.315225 0.0749251 -0.0242322 0.192599 0.0105942 0.387428 
0.0461441 0.0251866 0.844439 99.6354 887.367 882.702 0.0284035 -0.309617 -0.329121 -0.18893 -0.875942 -0.0206541 2.60388 0.136784 0.362797 -0.130661 1.85457 0.384296 1.47874 0.933589 -0.3474 -0.517463 0.881594 1.79956 -0.847767 0.275078 0.0741334 0.0127504 0.204451 0.00747551 0.442913 
0.0477056 0.0195175 0.851754 128.678 771.513 884.873 0.0425182 -0.329004 -0.266368 -0.0975242 -0.820205 -0.081041 2.56212 0.174543 0.367264 -0.133472 1.85147 0.355367 1.43516 0.920661 -0.343868 -0.520076 0.90334 1.81884 -0.859569 0.206767 0.0822568 0.0254916 0.216311 0.00176562 0.455421 
0.0491793 0.0147837 0.757891 119.06 673.638 887.457 0.0699718 -0.386813 -0.281049 -0.202628 -0.810589 -0.152216 2.62767 0.123406 0.376122 -0.138596 1.87467 0.288196 1.35254 1.07494 -0.331735 -0.513159 0.907081 1.77666 -0.93049 0.148346 0.0775734 0.0644186 0.195826 0.004473 0.402757 
0.0374604 0.0196248 0.860738 121.255 592.049 885.813 0.0838051 -0.654342 -0.300424 -0.407824 -0.758675 -0.201284 2.52966 0.329995 0.375419 -0.146337 1.84804 0.338964 1.35934 1.12268 -0.332432 -0.513772 0.908115 1.66879 -0.947694 0.227749 0.0743277 0.0459199 0.211048 -0.00569833 0.413125 
0.0403177 0.0223148 0.792957 125.714 529.811 886.483 0.094374 -0.75419 -0.293108 -0.468324 -0.755411 -0.211954 2.54382 0.42805 0.378004 -0.146549 1.85593 0.30025 1.33833 1.12778 -0.33378 -0.516022 0.907112 1.67455 -0.990398 0.21893 0.0706916 0.049048 0.217069 -0.0113681 0.420021 
0.0458001 0.0257942 0.463426 107.346 456.85 898.168 0.101044 -0.917185 -0.304287 -0.584622 -0.844328 -0.203824 2.68355 0.506751 0.376282 -0.158647 1.8175 0.325668 1.47929 1.12619 -0.332001 -0.523011 0.909976 1.70232 -1.10711 0.156485 0.0754596 -0.000283386 0.208383 0.00838278 0.511768 
0.0587143 0.00915242 0.343038 65.5597 376.002 896.467 0.0936119 -0.936871 -0.354865 -0.681612 -0.816395 -0.286553 2.69306 0.530137 0.372091 -0.161437 1.85693 0.344548 1.43533 1.17978 -0.330715 -0.514689 0.894689 1.65207 -1.07774 0.157617 0.0744425 -0.0225725 0.212019 0.00608686 0.525627 
0.0692427 0.010282 0.217762 39.4258 322.051 896.516 0.110399 -1.01752 -0.318528 -0.691501 -0.712962 -0.252 2.73805 0.412396 0.37076 -0.161489 1.85435 0.322104 1.39709 1.16251 -0.329222 -0.516758 0.90696 1.68028 -1.06474 0.170627 0.0718909 -0.000315979 0.192874 0.00937894 0.530672 
0.0694855 0.0143175 0.158787 -8.129 277.966 896.827 0.0955993 -1.06748 -0.283955 -0.593962 -0.610694 -0.220143 2.79331 0.209275 0.37061 -0.169372 1.85286 0.299741 1.39935 1.19028 -0.323667 -0.521955 0.916178 1.65972 -1.04897 0.194868 0.0737215 0.0144122 0.179706 0.01782 0.546793 
0.0872561 -0.00587877 0.26205 -100.345 220.366 900.311 0.0978172 -1.06748 -0.234058 -0.176883 -0.596721 -0.230574 2.9033 0.139177 0.371903 -0.193137 1.84404 0.275784 1.37868 1.21131 -0.313691 -0.523258 0.887903 1.59207 -1.06245 0.154043 0.0794156 0.0466407 0.20273 0.0512794 0.545697 
0.109092 -0.00863154 0.216518 -132.231 195.615 900.955 0.0949296 -1.05256 -0.226274 -0.220287 -0.516218 -0.233558 2.94354 0.0903229 0.369232 -0.191114 1.84729 0.288949 1.34493 1.19413 -0.311408 -0.522445 0.874012 1.56536 -1.09148 0.222202 0.0759392 0.0471361 0.193959 0.048247 0.530597 
0.112161 -0.00134227 -0.245388 -56.5015 151.467 900.938 0.0350111 -1.22476 -0.275348 -0.580425 -0.183852 -0.0692478 2.86832 0.160172 0.377873 -0.18367 1.89044 0.266887 1.44451 1.1079 -0.319855 -0.51634 0.899866 1.80765 -0.966709 0.284245 0.0435335 -0.134769 0.149763 0.0631785 0.64552 
0.142948 0.0019931 -0.353356 -105.22 111.17 899.613 0.0113216 -1.18772 -0.353376 -0.567518 -0.115882 -0.0212668 2.97698 0.154445 0.375149 -0.186667 1.90255 0.195673 1.46685 1.0387 -0.306352 -0.515477 0.928079 1.81565 -0.941805 0.309474 0.0276414 -0.107957 0.175059 0.0490488 0.688632 
0.114579 -0.0113594 -0.47969 -131.271 97.1403 898.989 -0.0192808 -1.17173 -0.392479 -0.501101 -0.111685 -0.0646602 2.97867 0.0743811 0.381504 -0.183679 1.91719 0.225828 1.49716 1.03504 -0.30611 -0.509529 0.902954 1.79089 -0.951217 0.423947 0.025399 -0.0910961 0.181335 0.0546212 0.727772 
0.0758225 -0.0297326 -0.529491 -147.628 92.6138 896.556 -0.0372187 -1.12781 -0.483628 -0.416861 -0.158655 -0.153655 2.96559 -0.152489 0.387928 -0.173915 1.94249 0.212348 1.50963 0.975859 -0.307042 -0.506162 0.865705 1.77008 -0.948639 0.486849 0.0156217 -0.0800322 0.198188 0.0536218 0.657765 
0.0632633 -0.0370468 -0.552264 -149.633 96.1028 895.099 -0.0508322 -1.05248 -0.496456 -0.357558 -0.15917 -0.196679 2.95263 -0.267129 0.388124 -0.169816 1.94469 0.233916 1.5037 0.954427 -0.306953 -0.502974 0.85215 1.77177 -0.944905 0.487476 0.00647052 -0.0791652 0.206227 0.0536093 0.615313 
0.0560841 -0.0428521 -0.559912 -151.807 102.467 893.654 -0.0619551 -0.990141 -0.501292 -0.300936 -0.122749 -0.210033 2.9604 -0.271827 0.387872 -0.164587 1.96053 0.260796 1.51537 0.946348 -0.30838 -0.497693 0.84912 1.78606 -0.922027 0.483966 -0.0074783 -0.0675927 0.208127 0.0504109 0.598527 
0.098767 0.00167152 0.937732 169.177 847.183 867.061 -0.140583 -0.189702 -0.0818917 -0.0898261 -0.210587 0.163583 2.72989 0.0739961 0.363245 -0.140673 1.87567 0.300103 1.38834 0.894501 -0.328874 -0.518459 0.87081 1.77581 -0.717245 0.49927 0.0829025 -0.0596693 0.133746 -0.018898 0.400348 
0.0932629 -0.00151394 0.963918 193.57 779.988 863.885 -0.20251 -0.18455 -0.0957152 -0.23298 -0.28174 0.130543 2.69463 0.175377 0.364643 -0.146581 1.8668 0.313063 1.39211 0.847162 -0.333817 -0.515697 0.877266 1.77956 -0.738378 0.473822 0.0954086 -0.0932724 0.14438 -0.030298 0.391247 
0.0724822 -0.00696334 0.802594 195.984 709.346 863.499 -0.215596 -0.166369 -0.152551 -0.394873 -0.273928 0.113062 2.75091 0.386244 0.362833 -0.146741 1.87728 0.319879 1.42204 0.871498 -0.343689 -0.513857 0.870801 1.72297 -0.736812 0.429209 0.0906749 -0.202948 0.159977 -0.0250379 0.442034 
0.0707619 -0.0183699 0.649364 156.102 659.755 862.456 -0.22213 -0.18767 -0.135446 -0.477517 -0.249005 0.0753573 2.82427 0.383619 0.361254 -0.159491 1.85319 0.325041 1.37561 0.848337 -0.347021 -0.517868 0.883971 1.66902 -0.806727 0.393967 0.0928787 -0.253404 0.158369 -0.0124722 0.430695 
0.0535533 -0.0225354 0.464211 140.759 591.416 863.416 -0.23539 -0.161264 -0.138637 -0.48769 -0.261158 -0.0041341 2.78773 0.417287 0.362534 -0.166936 1.84126 0.379974 1.41708 0.891861 -0.350661 -0.523139 0.896017 1.62572 -0.834809 0.450967 0.0959311 -0.303754 0.156941 -0.000305855 0.46479 
0.0672244 -0.0280856 0.344477 110.569 522.659 862.054 -0.237918 -0.25031 -0.133656 -0.495529 -0.233536 -0.00493714 2.84453 0.453153 0.363338 -0.168496 1.82851 0.390076 1.3976 0.877117 -0.352469 -0.531171 0.888143 1.62199 -0.875783 0.486392 0.104693 -0.315096 0.150404 0.00617531 0.465327 
0.0698509 -0.0358866 0.396907 24.7409 432.288 862.2 -0.222762 -0.453894 -0.154224 -0.428944 -0.171737 0.0498278 2.88053 0.336071 0.367997 -0.181812 1.81772 0.402681 1.30714 0.698942 -0.371237 -0.538447 0.868849 1.55182 -0.957267 0.503903 0.103872 -0.309442 0.159256 0.0316081 0.49042 
0.0687446 -0.0362462 0.365449 -33.9259 382.167 865.341 -0.200414 -0.547173 -0.136296 -0.427011 -0.168059 0.0338491 2.88622 0.415659 0.371479 -0.186972 1.82711 0.399027 1.2966 0.678466 -0.374507 -0.54347 0.862892 1.48513 -0.962973 0.507374 0.0935779 -0.291924 0.149951 0.0398218 0.506342 
0.0600552 -0.0314053 0.263264 -102.736 291.261 866.943 -0.211188 -0.587845 -0.255382 -0.53713 -0.164441 -0.0054754 2.95351 0.412909 0.375804 -0.197459 1.80855 0.408713 1.20799 0.670116 -0.377248 -0.550929 0.875918 1.48234 -0.975478 0.422271 0.103426 -0.286258 0.154908 0.0157954 0.550984 
0.0752929 -0.0371103 0.152877 -114.061 280.059 868.132 -0.220232 -0.573814 -0.251961 -0.419171 -0.191821 -0.0483957 2.97534 0.354109 0.376292 -0.194479 1.80653 0.410299 1.19207 0.702371 -0.380307 -0.551917 0.864278 1.52248 -0.993721 0.448316 0.102427 -0.296102 0.161782 0.0170472 0.560393 
0.0774629 -0.0410031 -0.069755 -104.807 280.09 868.78 -0.226775 -0.547363 -0.238096 -0.204568 -0.205738 -0.0602394 2.98911 0.295707 0.375237 -0.194107 1.80953 0.396957 1.1551 0.768915 -0.385992 -0.556431 0.851708 1.52968 -0.958998 0.467281 0.101618 -0.365257 0.155461 0.0135973 0.546753 
0.0994858 -0.0452921 -0.148909 -126.196 279.11 870.344 -0.244142 -0.522811 -0.252171 -0.0756891 -0.22299 -0.0406159 3.01014 0.176017 0.375668 -0.189155 1.81268 0.375333 1.1401 0.824815 -0.388421 -0.564078 0.838975 1.54731 -0.999752 0.479001 0.101652 -0.383216 0.15966 0.00479765 0.539198 
0.126399 -0.0460352 -0.133962 -154.618 276.327 870.295 -0.249784 -0.488657 -0.230117 -0.0197078 -0.221106 -0.0157169 3.02012 0.112673 0.373364 -0.18001 1.80146 0.353208 1.13769 0.867297 -0.390984 -0.571372 0.792845 1.55486 -1.04116 0.4923 0.0967292 -0.406191 0.166561 -0.00119942 0.54798 
0.125217 -0.0335313 -0.107973 -171.27 284.315 869.279 -0.250076 -0.440775 -0.177685 -0.0180976 -0.223581 0.00200497 3.0193 0.0643271 0.37111 -0.174409 1.7846 0.365591 1.09527 0.857981 -0.387534 -0.573177 0.762931 1.51941 -1.10181 0.52893 0.093938 -0.450765 0.160172 0.0101194 0.551776 
0.128174 -0.0326048 -0.0665718 -171.709 303.863 871.008 -0.262083 -0.424876 -0.216842 -0.00966119 -0.231029 -0.0318562 3.0202 -0.0489937 0.368534 -0.172133 1.80141 0.377541 1.09946 0.919422 -0.388358 -0.573001 0.755319 1.53607 -1.16794 0.553871 0.0947241 -0.476881 0.171019 0.0118545 0.55121 
0.141096 -0.0401024 -0.0472564 -174.134 322.707 875.203 -0.294166 -0.406125 -0.239937 -0.0365548 -0.262104 -0.040646 3.06945 -0.0473022 0.368621 -0.167171 1.82069 0.388076 1.11598 0.978949 -0.39367 -0.575496 0.733222 1.54603 -1.16303 0.538419 0.0997937 -0.469252 0.190326 0.0168811 0.571125 
0.142525 -0.0387744 -0.0353383 -177.328 340.993 877.741 -0.307983 -0.390601 -0.224232 -0.0488143 -0.284816 -0.029475 3.10092 -0.0109546 0.368182 -0.164417 1.82379 0.385517 1.11775 1.02373 -0.394072 -0.578807 0.720383 1.55483 -1.1452 0.529046 0.0973004 -0.483194 0.185314 0.0324829 0.569047 
0.14024 -0.0448192 -0.066582 -177.566 364.322 876.299 -0.341197 -0.397777 -0.186974 -0.0418329 -0.303055 0.00766354 3.14029 0.0261362 0.371141 -0.179273 1.8337 0.408744 1.16088 1.13922 -0.401225 -0.566819 0.738359 1.53072 -1.05204 0.606098 0.0972927 -0.506353 0.170142 0.0412973 0.596766 
0.138797 -0.0510458 -0.0978635 -166.868 387.948 875.085 -0.368495 -0.412345 -0.160299 -0.0680749 -0.338518 0.0021091 3.18847 0.0691748 0.375563 -0.194333 1.84619 0.421785 1.20247 1.24835 -0.407274 -0.554156 0.744525 1.50443 -1.00665 0.613045 0.0882942 -0.512478 0.160501 0.0587967 0.620224 
0.142472 -0.0546976 -0.090318 -160.02 407.988 876.992 -0.379728 -0.429917 -0.167428 -0.0550934 -0.353896 -0.00830142 3.18536 0.0736357 0.377723 -0.194644 1.84075 0.423489 1.21115 1.2874 -0.408906 -0.554974 0.736003 1.47928 -0.976263 0.606383 0.0833872 -0.516905 0.166366 0.0605144 0.614915 
0.0784478 0.0111203 0.951161 104.76 902.362 865.85 -0.157672 -0.208836 -0.110257 -0.258562 -0.0996882 0.181959 2.7138 0.134534 0.361541 -0.139149 1.84553 0.305001 1.3944 0.860889 -0.334954 -0.510826 0.833627 1.69123 -0.738907 0.476508 0.0828652 -0.104434 0.154129 -0.0223083 0.380346 
