0.0892947 0.010191 0.929129 138.808 941.69 867.404 -0.106765 -0.194405 -0.144502 -0.0943201 -0.147799 0.201475 2.73261 0.0793598 0.361384 -0.141615 1.84379 0.308168 1.38713 0.8595 -0.333448 -0.512506 0.850365 1.71999 -0.723445 0.45581 0.0922399 -0.0833792 0.145499 -0.0326192 0.390473 
0.0900774 0.0088045 0.913322 153.381 945.012 866.499 -0.112546 -0.198513 -0.148867 -0.111218 -0.131266 0.191948 2.7339 0.087464 0.361263 -0.141562 1.84595 0.306993 1.38667 0.851058 -0.339081 -0.51118 0.843349 1.7122 -0.726144 0.434452 0.0914891 -0.0808511 0.131666 -0.0343073 0.402534 
0.0913435 0.00586916 0.888826 166.303 945.899 864.667 -0.104008 -0.200788 -0.163591 -0.154416 -0.115532 0.180273 2.70506 0.0742703 0.359693 -0.140716 1.84608 0.330716 1.34877 0.889979 -0.347259 -0.506626 0.832894 1.68916 -0.7147 0.357966 0.0901113 -0.0614416 0.111583 -0.0421935 0.398882 
0.0984644 0.00662155 0.853818 178.981 947.705 863.11 -0.113244 -0.20296 -0.239553 -0.194696 -0.109115 0.178272 2.68946 0.0953775 0.358884 -0.141541 1.83275 0.367013 1.30445 0.96593 -0.359785 -0.50388 0.821896 1.69027 -0.745786 0.287014 0.0884641 -0.0380599 0.0890538 -0.0535261 0.389417 
0.099918 0.00761477 0.807553 189.551 947.225 863.478 -0.117142 -0.198472 -0.287896 -0.218224 -0.0995139 0.195147 2.69535 0.12886 0.358563 -0.140278 1.8251 0.387161 1.28299 1.00154 -0.367079 -0.50343 0.812619 1.68776 -0.738802 0.282139 0.085129 -0.00875213 0.0829137 -0.0642212 0.360647 
0.099657 0.00415474 0.759869 203.492 948.018 863.696 -0.118281 -0.20228 -0.301518 -0.225125 -0.0797661 0.195103 2.72762 0.156398 0.358548 -0.13878 1.81422 0.387691 1.27942 1.00702 -0.370747 -0.505368 0.797457 1.68161 -0.761358 0.28078 0.0872238 0.01175 0.0705529 -0.0714072 0.359299 
0.103604 0.00385573 0.71755 216.284 949.248 863.01 -0.124271 -0.196252 -0.313285 -0.256242 -0.0752268 0.190823 2.74331 0.167003 0.361884 -0.136041 1.8087 0.383878 1.28649 1.01377 -0.375874 -0.506546 0.787946 1.67698 -0.762902 0.273412 0.091242 0.0295547 0.0683337 -0.0647696 0.35331 
0.102865 0.00137891 0.683371 233.051 952.907 861.115 -0.121235 -0.188224 -0.322127 -0.296784 -0.0569035 0.157691 2.78203 0.135239 0.36159 -0.134568 1.82171 0.38124 1.272 1.0093 -0.378052 -0.50582 0.778908 1.66719 -0.779894 0.257903 0.0930712 0.0444989 0.0595125 -0.063954 0.352882 
0.108866 -0.00589254 0.665516 247.681 958.949 857.545 -0.107888 -0.191546 -0.306957 -0.292473 -0.0576137 0.135919 2.81152 0.129555 0.361293 -0.135689 1.85018 0.383854 1.27326 1.03476 -0.375991 -0.507555 0.78407 1.64313 -0.824675 0.261546 0.0928793 0.0568318 0.0578518 -0.0755899 0.389526 
0.121775 -0.0104584 0.627633 260.186 964.421 854.444 -0.123594 -0.133376 -0.269923 -0.45266 -0.0710794 0.142968 2.84409 0.204136 0.365725 -0.133287 1.84592 0.387437 1.31356 1.11225 -0.380725 -0.51038 0.758759 1.65315 -0.752886 0.160254 0.0913991 0.0955428 0.0573282 -0.0811078 0.328921 
0.127719 -0.0224308 0.602604 273.662 969.464 850.903 -0.111752 -0.136372 -0.261554 -0.515234 -0.0796614 0.120042 2.81073 0.235267 0.368373 -0.137509 1.88003 0.401464 1.29921 1.11583 -0.377638 -0.516047 0.753316 1.64044 -0.836756 0.161176 0.0877269 0.0941669 0.0637105 -0.0901365 0.33656 
0.130803 -0.0265415 0.591823 286.292 970.038 850.508 -0.0951207 -0.12117 -0.247796 -0.57245 -0.0775975 0.108847 2.83546 0.251232 0.368536 -0.136335 1.90512 0.415073 1.27968 1.08933 -0.376886 -0.514525 0.750767 1.59756 -0.862245 0.180667 0.0838241 0.0917105 0.0618408 -0.105183 0.382893 
0.123333 -0.0266699 0.572582 297.341 965.411 850.099 -0.0654868 -0.0815392 -0.217654 -0.69586 -0.0524673 0.117283 2.83182 0.272672 0.369261 -0.138901 1.92111 0.412765 1.2777 1.10265 -0.37652 -0.515173 0.744128 1.58684 -0.880185 0.222724 0.0810414 0.0739471 0.0563633 -0.118021 0.394658 
0.125106 -0.0343636 0.579217 311.971 964.651 848.366 -0.0426654 -0.0548491 -0.175116 -0.768227 -0.0389078 0.0946731 2.7997 0.258479 0.373331 -0.149291 1.95765 0.402534 1.28136 1.10439 -0.370001 -0.529892 0.728502 1.5705 -0.897606 0.247808 0.080289 0.0416672 0.0617875 -0.112194 0.392618 
0.119758 -0.0421432 0.577546 325.947 963.448 848.498 -0.017035 -0.0340671 -0.14906 -0.789888 -0.016922 0.0613674 2.79437 0.219357 0.372956 -0.145754 1.98216 0.423088 1.28082 1.10495 -0.370614 -0.533055 0.714221 1.54178 -0.920659 0.239315 0.0773468 0.036269 0.0466639 -0.122391 0.423651 
0.111129 -0.0418639 0.554342 337.232 958.54 851.779 0.00684115 0.0155904 -0.139203 -0.827901 0.0139428 0.0336107 2.86446 0.161557 0.366173 -0.129391 1.99913 0.45939 1.26367 1.10639 -0.376923 -0.528581 0.695553 1.52559 -0.994037 0.204766 0.0732969 0.0395889 0.0189002 -0.150222 0.496587 
0.105423 -0.0485545 0.542834 353.324 959.203 853.657 0.0220511 0.0438606 -0.130055 -0.837078 0.0373944 -0.00169758 2.89661 0.102233 0.361047 -0.114551 2.02296 0.493194 1.25283 1.09347 -0.377462 -0.530517 0.678186 1.49183 -1.06432 0.196799 0.0716477 0.0523801 0.00165543 -0.165313 0.551382 
0.100868 -0.0481871 0.51762 363.777 957.634 856.812 0.0348555 0.0854748 -0.121283 -0.828635 0.0559992 -0.0161969 2.92996 0.092536 0.358369 -0.105837 2.03977 0.533055 1.25522 1.08718 -0.37573 -0.534116 0.659161 1.47757 -1.10242 0.218343 0.0698624 0.0739919 -0.0139768 -0.180494 0.587662 
0.102586 -0.0447048 0.466936 374.31 960.608 858.742 0.0268651 0.145579 -0.107776 -0.849305 0.0539848 -0.0161302 2.93689 0.103042 0.355618 -0.0937473 2.06636 0.573308 1.23485 1.034 -0.371415 -0.53686 0.643647 1.50215 -1.15673 0.218044 0.0645147 0.0887675 -0.0205934 -0.188778 0.586391 
0.102688 -0.0451123 0.424827 384.213 962.172 859.365 0.0212192 0.179034 -0.123169 -0.836763 0.0586882 -0.0231393 2.93472 0.0992186 0.354275 -0.0885448 2.08021 0.581773 1.21167 0.992646 -0.372977 -0.537286 0.635576 1.51158 -1.15217 0.186679 0.0663785 0.0958745 -0.0222473 -0.192032 0.560718 
0.100371 0.0124975 1.02089 203.768 955.182 868.644 -0.14417 -0.176063 -0.12443 -0.045024 -0.162341 0.224939 2.69121 0.146319 0.361006 -0.138227 1.83327 0.3181 1.39269 0.857892 -0.331974 -0.513154 0.84164 1.67682 -0.704505 0.480076 0.0973985 -0.0860274 0.14963 -0.0486674 0.360894 
0.124683 0.0196723 0.958104 274.418 941.448 870.574 -0.159641 -0.169001 -0.136792 0.0665547 -0.13097 0.227615 2.64093 0.23574 0.361028 -0.135586 1.80829 0.358259 1.41945 0.883103 -0.330751 -0.512227 0.830737 1.61904 -0.755492 0.512053 0.0856068 -0.108424 0.152428 -0.0620006 0.362016 
0.113931 0.0150554 0.826868 318.091 965.188 869.677 -0.158926 -0.108936 -0.141428 0.0395881 -0.103597 0.224698 2.64885 0.206044 0.362104 -0.139453 1.81651 0.360228 1.43429 0.889249 -0.331399 -0.507329 0.817338 1.57597 -0.837297 0.54492 0.0786979 -0.132614 0.153718 -0.055262 0.374216 
0.129593 0.0224399 0.584697 363.559 970.058 870.62 -0.181604 -0.0793709 -0.113271 -0.0836992 -0.0489022 0.255304 2.64104 0.19209 0.368154 -0.129487 1.82242 0.352227 1.44178 1.00504 -0.32352 -0.505176 0.845644 1.56243 -0.946415 0.516722 0.0585586 -0.219904 0.148251 -0.0606861 0.398427 
0.134044 0.0301887 0.466068 384.308 954.227 869.78 -0.190884 -0.083486 -0.133514 -0.0263984 0.0277248 0.280952 2.65267 0.169578 0.369976 -0.13021 1.82661 0.379861 1.44602 1.03925 -0.32547 -0.507435 0.832712 1.5429 -0.936577 0.512176 0.0581973 -0.275488 0.148377 -0.0595389 0.385124 
0.116288 0.0283307 0.441556 397.057 949.059 869.039 -0.203193 -0.104172 -0.0569466 0.110937 0.114545 0.39161 2.60941 0.262244 0.374066 -0.128462 1.85922 0.329261 1.39593 1.03604 -0.326843 -0.509739 0.813971 1.47699 -0.905655 0.547707 0.071069 -0.329101 0.142852 -0.0652686 0.394567 
0.107434 0.0228432 0.469332 402.566 947.02 867.776 -0.211083 -0.106224 0.00185622 0.143632 0.146715 0.491198 2.57296 0.379374 0.376469 -0.128934 1.89783 0.286404 1.34416 1.08774 -0.328312 -0.510322 0.802414 1.41364 -0.919475 0.575147 0.0801232 -0.362181 0.127756 -0.0809982 0.378567 
0.102412 0.0144672 0.446272 408.565 946.67 866.664 -0.219295 -0.119711 -0.0182693 0.15839 0.179472 0.535091 2.68616 0.426893 0.377529 -0.135092 1.90098 0.276005 1.31594 1.0918 -0.329463 -0.509143 0.796218 1.40237 -0.945569 0.573482 0.0803368 -0.382828 0.124847 -0.0767704 0.398158 
0.0982045 0.0117627 0.446634 407.241 941.845 868.328 -0.218763 -0.105368 -0.034445 0.125202 0.176041 0.579418 2.72139 0.461629 0.379406 -0.134812 1.89805 0.281865 1.29189 1.09573 -0.331204 -0.510517 0.786409 1.41278 -0.938123 0.576612 0.0855649 -0.424559 0.111039 -0.0762617 0.405343 
0.0923652 0.0153842 0.462153 405.463 936.699 869.925 -0.216196 -0.0729586 -0.0324275 0.0810723 0.156405 0.633372 2.72047 0.536118 0.377959 -0.134694 1.90124 0.28872 1.26873 1.13531 -0.33869 -0.512735 0.776093 1.40104 -0.941474 0.581363 0.0888851 -0.467783 0.0936013 -0.0704143 0.41978 
0.0849107 0.0144909 0.457387 406.867 935.315 869.847 -0.216977 -0.0703232 -0.00898753 0.0751904 0.152504 0.672201 2.76401 0.581532 0.377559 -0.13221 1.90429 0.277654 1.23 1.1596 -0.33983 -0.517639 0.771031 1.40547 -0.889497 0.558207 0.0897079 -0.501947 0.0872429 -0.0701793 0.412243 
0.0749393 0.00668169 0.424183 415.023 936.33 867.736 -0.218055 -0.1052 0.051361 0.149207 0.192057 0.665917 2.88357 0.573114 0.378368 -0.126175 1.88509 0.268449 1.193 1.19213 -0.338861 -0.521428 0.768116 1.41156 -0.869648 0.498619 0.0898725 -0.509523 0.103799 -0.0562867 0.451144 
0.0714231 0.00877329 0.419161 415.508 936.223 868.556 -0.229011 -0.0980818 0.0829053 0.15525 0.191376 0.679894 2.92084 0.584619 0.378291 -0.126332 1.89802 0.263561 1.18152 1.19879 -0.338686 -0.521146 0.752578 1.378 -0.924058 0.500621 0.0910018 -0.556312 0.106691 -0.0619541 0.48978 
0.0523063 0.0111108 0.443784 414.396 930.189 869.885 -0.211571 -0.0706687 0.0356222 0.12746 0.20277 0.69508 2.95339 0.589963 0.381543 -0.136203 1.92628 0.208053 1.11587 1.21856 -0.344528 -0.520538 0.723383 1.32489 -0.904951 0.515972 0.0919925 -0.608271 0.122505 -0.0476605 0.46829 
0.0309263 0.00875012 0.416597 418.383 924.446 870.444 -0.197661 -0.0688289 -0.00617875 0.144897 0.251472 0.703393 2.99037 0.616161 0.383755 -0.149576 1.93988 0.172533 1.02347 1.21329 -0.357081 -0.527687 0.703667 1.34919 -0.724707 0.539312 0.0958583 -0.622721 0.134906 -0.0214085 0.350679 
0.0254475 0.00985041 0.416636 421.136 919.691 870.703 -0.190856 -0.0609917 -0.00251784 0.13805 0.265076 0.714006 3.02835 0.651583 0.383088 -0.152129 1.93993 0.159502 1.00003 1.20713 -0.36033 -0.530305 0.685655 1.34967 -0.686082 0.514856 0.103008 -0.651754 0.136609 -0.0230108 0.334796 
0.021748 0.0119552 0.42154 423.842 916.91 871.948 -0.198841 -0.0516666 0.0243988 0.164369 0.265572 0.716732 3.04092 0.675084 0.383906 -0.152899 1.93187 0.168796 1.00356 1.19738 -0.3618 -0.53488 0.671718 1.2955 -0.658629 0.468662 0.110524 -0.69781 0.131918 -0.0303485 0.309847 
0.0175594 0.0145221 0.403617 425.959 916.845 871.686 -0.212835 -0.0434464 0.0370854 0.174267 0.274954 0.716535 3.06277 0.700356 0.382211 -0.15308 1.91952 0.181543 0.999762 1.21441 -0.364715 -0.540387 0.66778 1.25486 -0.633514 0.413192 0.114574 -0.730477 0.131442 -0.0269376 0.313126 
0.0114576 0.0199017 0.400263 432.444 913.428 873.82 -0.229846 -0.0247053 0.0560132 0.209488 0.288498 0.707438 3.10003 0.702519 0.382237 -0.153636 1.9152 0.201335 1.01676 1.21746 -0.366225 -0.547539 0.663759 1.22582 -0.569734 0.373591 0.116673 -0.762909 0.141352 -0.0327037 0.286687 
0.000210809 0.0251982 0.39644 438.838 909.449 873.804 -0.230153 -0.0215418 0.0883199 0.221757 0.307066 0.706611 3.12782 0.713329 0.384027 -0.14913 1.9057 0.218572 1.04743 1.17992 -0.364335 -0.555111 0.654575 1.21037 -0.551964 0.35398 0.112705 -0.781293 0.145966 -0.0442706 0.231972 
0.0852698 0.00124537 1.11422 229.679 973.923 862.28 -0.112799 -0.150948 -0.112985 0.112995 -0.26259 0.2083 2.71612 0.179408 0.361084 -0.126917 1.87483 0.310744 1.37378 0.810553 -0.340194 -0.506817 0.842047 1.68145 -0.719941 0.460409 0.0899554 -0.145696 0.139562 -0.0465039 0.392314 
0.0720686 0.00158895 1.09903 275.445 967.572 861.033 -0.161319 -0.0598592 -0.0910239 0.194462 -0.318383 0.190702 2.70685 0.245892 0.362377 -0.129461 1.8732 0.308743 1.36871 0.821888 -0.337612 -0.509492 0.834898 1.73779 -0.750075 0.471617 0.0911375 -0.149106 0.144599 -0.046243 0.410704 
0.060421 -0.000265748 0.998659 306.893 970.858 858.908 -0.195954 0.0115097 -0.116523 0.0612964 -0.350246 0.194342 2.71752 0.25171 0.362002 -0.130004 1.85789 0.32814 1.34683 0.817809 -0.334004 -0.509584 0.813962 1.73608 -0.735968 0.421135 0.089247 -0.147624 0.145363 -0.0368937 0.407835 
0.0891975 0.000873176 0.919159 356.406 966.264 855.653 -0.219193 0.0161437 -0.0949549 -0.0291785 -0.330917 0.174227 2.70059 0.295 0.359381 -0.126659 1.82042 0.347304 1.30373 0.78491 -0.329604 -0.520176 0.784338 1.66955 -0.663608 0.381298 0.0913779 -0.153312 0.141634 -0.0167402 0.423957 
0.0886331 0.00368592 0.804376 405.598 963.254 854.771 -0.215203 -0.0552048 -0.053137 0.129014 -0.278907 0.130766 2.67022 0.240857 0.355488 -0.135811 1.89651 0.365954 1.41033 0.906958 -0.324489 -0.509417 0.762765 1.57939 -0.664179 0.573627 0.0952373 -0.172235 0.176525 -0.0412892 0.457418 
0.106307 0.0152461 0.600103 457.291 960.591 857.59 -0.197945 -0.143264 -0.0116909 0.17775 -0.261609 0.160001 2.64624 0.267277 0.348999 -0.134305 1.96146 0.395539 1.51109 1.13502 -0.315686 -0.500636 0.713066 1.55113 -0.641443 0.645343 0.109077 -0.203901 0.162967 -0.0735359 0.470463 
0.128017 0.0193176 0.512311 491.664 952.541 855.008 -0.215463 -0.174052 0.0155482 0.131123 -0.226139 0.144181 2.62723 0.170499 0.346976 -0.135278 1.97237 0.385916 1.53464 1.15419 -0.32164 -0.506292 0.702656 1.49357 -0.65652 0.646571 0.1139 -0.235146 0.146108 -0.080242 0.479755 
0.138987 0.0215159 0.381416 521.509 947.983 853.353 -0.238069 -0.218248 0.0777509 0.0898973 -0.189049 0.11658 2.60319 0.0769486 0.346285 -0.129456 1.98908 0.358789 1.55513 1.21232 -0.328859 -0.515065 0.696827 1.44267 -0.641982 0.652493 0.123906 -0.292616 0.143149 -0.0865307 0.499967 
0.134565 0.0144621 0.224932 556.641 930.324 851.099 -0.209505 -0.239447 0.106648 0.0380028 -0.119756 0.0780807 2.57143 -0.051461 0.352356 -0.126619 1.97851 0.362213 1.54786 1.20352 -0.331006 -0.518997 0.704863 1.30188 -0.674078 0.65423 0.141459 -0.423953 0.1371 -0.100702 0.454823 
0.122738 0.0182287 0.134171 576.487 927.099 850.389 -0.218687 -0.28556 0.130098 0.103584 -0.0951104 0.0797503 2.55755 -0.0228122 0.352955 -0.132657 1.9805 0.363082 1.57416 1.16675 -0.335876 -0.520099 0.711647 1.2675 -0.717626 0.61376 0.149773 -0.513595 0.145432 -0.102716 0.464916 
0.107517 0.0179502 0.0933756 593.612 921.311 849.146 -0.232753 -0.315798 0.136313 0.120784 -0.0670458 0.0967033 2.57709 0.0087688 0.35257 -0.135551 1.97536 0.383375 1.5962 1.139 -0.338074 -0.525366 0.712179 1.27123 -0.700724 0.582325 0.152066 -0.553315 0.153231 -0.0965119 0.482316 
0.0900043 0.0158732 0.0423888 611.027 913.775 848.087 -0.236687 -0.35013 0.146019 0.199852 -0.0460185 0.10448 2.61864 0.0657981 0.352766 -0.137179 1.95452 0.408675 1.63711 1.20113 -0.342928 -0.528755 0.722085 1.2817 -0.663093 0.534486 0.151458 -0.554386 0.16398 -0.0908375 0.477131 
0.0762426 0.0140969 0.00927845 626.597 903.645 846.328 -0.239004 -0.35274 0.180297 0.210919 -0.0105717 0.101377 2.68466 0.0671553 0.354202 -0.139447 1.94338 0.422177 1.65423 1.21978 -0.343967 -0.532925 0.718775 1.25778 -0.610248 0.510658 0.1501 -0.530234 0.175028 -0.0892254 0.488582 
0.0724058 0.0106118 0.0234508 637.987 893.204 846.085 -0.222309 -0.351844 0.214289 0.218896 0.010298 0.0875279 2.7673 0.0575374 0.355415 -0.141037 1.93857 0.417149 1.6704 1.21193 -0.346377 -0.532971 0.71543 1.23846 -0.573974 0.513186 0.154093 -0.55125 0.181039 -0.0947442 0.492238 
0.0658224 0.00364599 0.049257 650.972 882.329 845.516 -0.183245 -0.372504 0.278911 0.266249 0.0355487 0.0651187 2.77473 0.0318301 0.358068 -0.136036 1.94698 0.390693 1.68446 1.20513 -0.350756 -0.536835 0.721317 1.19262 -0.556337 0.545991 0.160652 -0.574621 0.185031 -0.0992728 0.48873 
0.0583811 -0.0182218 0.0642899 662.67 869.26 843.989 -0.160301 -0.408284 0.410358 0.351636 0.0481064 0.0384682 2.88784 0.0667713 0.363066 -0.139631 1.92526 0.351983 1.7562 1.24808 -0.353109 -0.544912 0.714614 1.15873 -0.467994 0.584865 0.179909 -0.597773 0.206079 -0.103432 0.432761 
0.0527345 -0.0285447 0.0680425 674.776 863.141 843.076 -0.145114 -0.422598 0.46022 0.400101 0.0570138 0.00746277 2.90558 0.0501716 0.365318 -0.137558 1.92235 0.360489 1.75993 1.21329 -0.350297 -0.545073 0.709191 1.14266 -0.431568 0.603371 0.188402 -0.623428 0.20491 -0.103655 0.374043 
0.046738 -0.0376921 0.0785711 685.688 854.642 842.844 -0.131318 -0.430571 0.478515 0.445561 0.0630847 -0.0354197 2.90025 0.0227882 0.363108 -0.13377 1.91891 0.390886 1.76074 1.19472 -0.348569 -0.544928 0.713708 1.11497 -0.383951 0.630512 0.190425 -0.656404 0.202541 -0.104792 0.278604 
0.0376883 -0.0341502 0.0972648 693.956 844.925 841.874 -0.115249 -0.414357 0.478474 0.454539 0.0800947 -0.0573177 2.89419 -0.0399767 0.364646 -0.135072 1.94584 0.375472 1.76828 1.16513 -0.346512 -0.5479 0.709151 1.10699 -0.402767 0.615136 0.193773 -0.675806 0.182771 -0.109178 0.269088 
0.0266007 -0.0313962 0.0921698 702.793 836.935 841.778 -0.0995563 -0.411379 0.489245 0.449214 0.0966782 -0.0741405 2.91161 -0.0720588 0.364895 -0.135244 1.9518 0.365427 1.8022 1.14878 -0.345183 -0.553386 0.713251 1.12151 -0.446679 0.63655 0.19016 -0.673255 0.167869 -0.119405 0.27185 
0.0919885 0.0104123 1.13464 190.338 988.129 866.207 -0.0932688 -0.146161 -0.173578 -0.176453 -0.215729 0.257893 2.74126 0.0580207 0.360273 -0.14198 1.85224 0.296745 1.37271 0.809378 -0.33292 -0.51285 0.874462 1.76702 -0.790364 0.508495 0.0867154 -0.0298622 0.136391 -0.0318292 0.383508 
0.0937922 0.0138481 1.12766 255.325 1013.12 868.944 -0.104442 -0.132685 -0.140588 -0.162728 -0.357487 0.206321 2.78164 0.116888 0.362816 -0.149857 1.83722 0.313081 1.35692 0.778608 -0.332378 -0.512833 0.859704 1.74699 -0.752705 0.510899 0.0984032 -0.0400022 0.150152 -0.0359836 0.379162 
0.108406 0.0181959 1.06689 315.637 1022.64 872.195 -0.096386 -0.0752352 -0.135412 -0.124112 -0.451803 0.101754 2.83055 0.13323 0.364744 -0.158588 1.83356 0.312065 1.37591 0.702799 -0.33328 -0.516655 0.851374 1.69972 -0.652988 0.477158 0.0923373 -0.00977506 0.173636 -0.0212494 0.423752 
0.114666 0.0156855 1.00252 383.408 986.883 872.368 -0.125013 0.00429928 -0.103571 0.0287834 -0.470426 0.0579309 2.88107 0.0522838 0.366465 -0.161719 1.83346 0.304483 1.37467 0.633493 -0.327615 -0.521219 0.865196 1.70419 -0.665947 0.513795 0.0924063 -0.00154478 0.183118 -0.0123772 0.363725 
0.1181 0.0186189 0.969738 436.667 945.256 874.283 -0.127836 0.0396884 -0.0922225 0.306138 -0.528485 0.0402215 2.93125 0.0947146 0.370142 -0.160105 1.83688 0.319392 1.38965 0.620354 -0.329336 -0.521379 0.894798 1.77698 -0.640602 0.512433 0.0918064 -0.00332572 0.190312 -0.0156422 0.34124 
0.134036 0.0266329 0.932769 488.271 923.116 872.628 -0.134403 0.038018 -0.082756 0.551073 -0.548487 0.0557947 2.9386 0.169174 0.371518 -0.159378 1.85927 0.314515 1.40205 0.575553 -0.331854 -0.519708 0.919279 1.81996 -0.595162 0.463145 0.101667 -0.0489717 0.194794 -0.0244715 0.366671 
0.148919 0.0413011 0.951198 524.383 911.912 873.296 -0.167475 0.118259 -0.0838671 0.120011 -0.527858 0.00115676 2.92367 0.11563 0.371815 -0.164049 1.8702 0.31177 1.28877 0.600057 -0.331353 -0.511557 0.870804 1.71819 -0.556616 0.524724 0.122232 -0.119698 0.185692 -0.0343783 0.377435 
0.168465 0.0504149 0.895968 554.605 899.146 873.811 -0.202663 0.178916 -0.0969073 -0.0796385 -0.519155 -0.0134505 2.9033 0.0197016 0.375676 -0.170513 1.87314 0.293177 1.21015 0.651379 -0.329328 -0.508059 0.825735 1.72617 -0.527085 0.600969 0.129557 -0.168595 0.178581 -0.0574012 0.346837 
0.181846 0.0403556 0.911735 605.767 835.972 868.95 -0.192251 0.146619 -0.00644753 0.196838 -0.515162 -0.00679527 3.02944 0.0698586 0.373876 -0.164542 1.88593 0.191423 1.21149 0.708496 -0.344055 -0.51442 0.794111 1.67114 -0.69292 0.678701 0.145691 -0.133533 0.183525 -0.0215542 0.45181 
0.167805 0.0403767 0.983794 643.435 798.952 866.141 -0.298508 0.0882579 0.0516894 0.247568 -0.476981 -0.0577052 2.93302 0.00970372 0.373993 -0.173229 1.88168 0.186776 1.29389 0.707277 -0.338879 -0.507613 0.783156 1.59487 -0.771412 0.762717 0.157019 -0.162987 0.206843 -0.00728432 0.499129 
0.159582 0.0435267 1.02483 670.901 769.127 867.724 -0.357173 0.0119376 0.0877013 0.317324 -0.441882 -0.0627046 2.91988 -8.22816e-05 0.373425 -0.178233 1.86643 0.190042 1.29204 0.691769 -0.337546 -0.5083 0.756662 1.5436 -0.854544 0.779314 0.165027 -0.163409 0.22136 0.000402672 0.534462 
0.153845 0.0461588 1.02882 679.9 762.596 866.756 -0.374063 0.000951923 0.110413 0.449458 -0.44943 -0.078835 2.93571 -0.0223815 0.373284 -0.18026 1.85455 0.181285 1.28775 0.69658 -0.340824 -0.511863 0.721105 1.5084 -0.86782 0.790519 0.164692 -0.163227 0.217187 0.00114006 0.531553 
0.16489 0.047984 1.04309 696.513 753.125 861.628 -0.381625 0.0338652 0.123769 0.529515 -0.455808 -0.086784 2.91307 0.000468097 0.371145 -0.179151 1.84374 0.159248 1.28283 0.674483 -0.340617 -0.51278 0.700575 1.47512 -0.862577 0.799759 0.150485 -0.180703 0.202697 0.00251539 0.518243 
0.189822 0.051528 1.0122 714.222 747.595 856.848 -0.387554 0.0582896 0.166077 0.615792 -0.481132 -0.078 2.91407 0.01047 0.369387 -0.175058 1.84155 0.124524 1.2986 0.636632 -0.337682 -0.512987 0.688716 1.46897 -0.84204 0.839197 0.138734 -0.184533 0.18637 0.00157766 0.505789 
0.212992 0.0488087 1.10254 743.754 739.42 854.75 -0.387428 0.0296273 0.184129 0.644743 -0.448005 -0.143463 2.9161 -0.0229263 0.37276 -0.178895 1.8572 0.105771 1.31275 0.706893 -0.33843 -0.511644 0.66631 1.52148 -0.88598 0.782368 0.129376 -0.21223 0.178648 0.00442885 0.506511 
0.236297 0.0450497 1.24936 767.475 732.644 852.787 -0.400048 -0.00916181 0.165728 0.658507 -0.404646 -0.241164 2.8727 -0.0723649 0.373396 -0.187146 1.8791 0.101014 1.33471 0.830657 -0.337782 -0.505955 0.635272 1.56837 -0.974422 0.670105 0.116121 -0.227674 0.181882 0.0142764 0.491775 
0.258415 0.0420187 1.38598 779.432 711.492 850.637 -0.434669 0.0220236 0.156468 0.65413 -0.37482 -0.270629 2.87455 -0.0795549 0.370409 -0.195192 1.8859 0.0954343 1.29962 0.933502 -0.334387 -0.503596 0.611808 1.62577 -1.04721 0.579347 0.100777 -0.20893 0.174224 0.0268893 0.46945 
0.271558 0.0401612 1.43401 791.285 694.742 848.384 -0.447635 0.0198413 0.174965 0.699486 -0.355816 -0.290468 2.86566 -0.12785 0.370516 -0.199187 1.89506 0.0900307 1.2741 1.04955 -0.329957 -0.50579 0.576094 1.65265 -1.06096 0.539912 0.0888206 -0.178852 0.169151 0.0260007 0.439434 
0.296052 0.041615 1.39234 799.148 690.603 845.407 -0.470515 -0.0252015 0.217852 0.781043 -0.379074 -0.317993 2.80293 -0.210189 0.374329 -0.20239 1.91245 0.104215 1.22691 1.18328 -0.32467 -0.504392 0.537727 1.67603 -1.05465 0.450835 0.0769508 -0.116251 0.174985 0.0103114 0.410969 
0.305089 0.0411189 1.41579 805.059 673.768 846.34 -0.489456 -0.0301108 0.242705 0.811567 -0.382564 -0.315139 2.80725 -0.215284 0.376696 -0.204231 1.92054 0.105984 1.21524 1.25187 -0.323497 -0.505425 0.525641 1.69534 -1.06454 0.419789 0.0782878 -0.0893117 0.175663 0.00686134 0.427644 
0.0867099 0.00851308 1.13061 195.069 985.888 867.554 -0.0978453 -0.119288 -0.14135 -0.0966601 -0.161806 0.292678 2.66542 0.104048 0.365078 -0.140909 1.83191 0.315734 1.36061 0.839859 -0.328724 -0.512702 0.835104 1.68667 -0.73115 0.445828 0.0975833 -0.028236 0.138316 -0.0407388 0.436617 
0.0981275 0.00916164 1.1879 254.676 1032.08 867.43 -0.104207 -0.119493 -0.126253 -0.237537 -0.191653 0.31583 2.62898 0.149874 0.366102 -0.139797 1.82696 0.32178 1.34194 0.813477 -0.330146 -0.51488 0.828544 1.64834 -0.718802 0.437893 0.103596 -0.0182893 0.144116 -0.0432313 0.450507 
0.103324 0.0128722 1.21516 294.874 1016.18 865.157 -0.0528253 -0.198189 -0.121773 -0.220464 -0.395447 0.243762 2.64374 0.131883 0.372167 -0.138787 1.81549 0.328757 1.2828 0.793654 -0.330976 -0.51445 0.851809 1.61207 -0.695042 0.458413 0.0972279 -0.0116808 0.148757 -0.0414686 0.420461 
0.12417 0.0297401 1.14069 347.958 971.308 863.164 -0.0327289 -0.332541 -0.104355 -0.0523881 -0.523536 0.267446 2.66501 0.0922952 0.375981 -0.143106 1.80091 0.333795 1.23834 0.71449 -0.328626 -0.508967 0.854649 1.58207 -0.743963 0.541909 0.0833852 0.0608621 0.13879 -0.0355336 0.367343 
0.122087 0.0386858 1.19237 364.654 953.737 863.448 -0.0295417 -0.360263 -0.0899854 -0.0775778 -0.642311 0.288531 2.66709 0.192807 0.372793 -0.146163 1.7873 0.320222 1.20034 0.710066 -0.329568 -0.508427 0.867273 1.53764 -0.72023 0.520008 0.0769363 0.0583713 0.126498 -0.0292177 0.343864 
0.111364 0.0394791 1.19841 365.702 942.083 867.806 -0.0477228 -0.37534 -0.0739345 -0.150028 -0.692689 0.331648 2.66175 0.301457 0.372119 -0.145756 1.79245 0.316724 1.22571 0.66654 -0.332227 -0.507857 0.874587 1.48906 -0.766136 0.509399 0.0777482 0.0521481 0.138433 -0.0277077 0.328789 
0.115321 0.0401241 1.2058 359.609 933.377 868.52 -0.0520914 -0.354614 -0.0642841 -0.207726 -0.715641 0.362197 2.65962 0.3305 0.372812 -0.144068 1.78482 0.348981 1.2392 0.574887 -0.333132 -0.510984 0.889256 1.43447 -0.85299 0.511675 0.0802182 0.0462782 0.155922 -0.0309542 0.300743 
0.116458 0.0397058 1.21366 354.917 926.013 867.245 -0.0509077 -0.3476 -0.0510544 -0.234821 -0.726402 0.363922 2.66788 0.317534 0.374155 -0.14378 1.77123 0.374393 1.24261 0.479212 -0.334183 -0.51431 0.903804 1.38217 -0.897603 0.487077 0.0844492 0.0233503 0.158455 -0.0232327 0.255591 
0.126223 0.0491433 1.20227 344.89 919.518 864.673 -0.0466034 -0.295592 -0.0775522 -0.178619 -0.760944 0.394627 2.67191 0.300504 0.373746 -0.145859 1.75099 0.333111 1.1967 0.507603 -0.333098 -0.511928 0.897505 1.32278 -0.851145 0.463695 0.0823867 0.0701421 0.149921 -0.013457 0.233521 
0.116573 0.0446468 1.17617 342.011 907.288 861.709 -0.0382901 -0.28402 -0.0500863 -0.171501 -0.821545 0.422727 2.6517 0.324413 0.376077 -0.153713 1.72938 0.332375 1.16221 0.537171 -0.332248 -0.516005 0.890481 1.29649 -0.91897 0.481942 0.0882629 0.0514678 0.149784 -0.0199071 0.217766 
0.102409 0.0373108 1.17131 343.852 893.97 860.101 -0.041989 -0.254025 -0.0747814 -0.148493 -0.82957 0.413403 2.65991 0.326152 0.377654 -0.159642 1.7185 0.344021 1.13081 0.50884 -0.33006 -0.522718 0.882305 1.26689 -0.963038 0.476659 0.0882711 0.0439462 0.162096 -0.0271242 0.198646 
0.0677642 0.034356 1.28244 365.385 862.475 856.222 0.00685144 -0.122689 -0.148238 -0.00478879 -0.801231 0.285319 2.6972 0.327308 0.384061 -0.172579 1.74644 0.458376 1.13568 0.53573 -0.320602 -0.520411 0.836266 1.28347 -1.01743 0.364486 0.0663153 -0.0233222 0.14043 -0.046806 0.219455 
0.0259355 0.0450375 1.35762 386.497 837.423 866.17 -0.0838383 0.143846 -0.220229 -0.0707047 -0.752569 0.171565 2.75032 0.316835 0.380607 -0.188028 1.79703 0.536612 1.14958 0.718374 -0.310723 -0.505784 0.788871 1.22488 -1.00844 0.333594 0.0495628 -0.0645691 0.111481 -0.0752548 0.160438 
0.0146326 0.0444628 1.33055 391.607 824.759 867.008 -0.100134 0.244975 -0.209079 -0.124774 -0.740213 0.134611 2.75849 0.238247 0.379144 -0.188711 1.79631 0.522257 1.14219 0.720172 -0.315265 -0.502689 0.778658 1.22259 -1.00168 0.322913 0.0583638 -0.041036 0.114221 -0.0817826 0.12274 
0.00567202 0.0458316 1.2943 390.319 810.902 868.115 -0.13484 0.25721 -0.174043 -0.150344 -0.781267 0.0945758 2.77384 0.201053 0.377835 -0.187507 1.79038 0.513313 1.1107 0.704981 -0.317856 -0.50317 0.768988 1.1924 -1.05439 0.303533 0.0732785 -0.019375 0.116975 -0.0915529 0.0983851 
-0.00512907 0.0455175 1.24983 396.341 801.232 868.148 -0.222029 0.176902 -0.109725 -0.131831 -0.905875 0.0137796 2.83822 0.282002 0.375877 -0.18149 1.77607 0.488525 1.08817 0.681258 -0.320881 -0.501982 0.758606 1.1436 -1.30689 0.162157 0.0839554 0.0236432 0.118916 -0.115198 0.152976 
-0.0158005 0.0441751 1.19922 396.021 796.795 867.634 -0.237827 0.182672 -0.098679 -0.174872 -0.988964 -0.0227623 2.87679 0.275014 0.375392 -0.18043 1.77371 0.478674 1.07562 0.666419 -0.321563 -0.502914 0.74865 1.1591 -1.33086 0.175994 0.0841758 0.057544 0.119402 -0.12123 0.13973 
-0.0207312 0.0454382 1.13545 395.688 789.402 868.135 -0.250699 0.199756 -0.0877401 -0.203265 -1.12855 -0.0523914 2.87331 0.274832 0.372905 -0.179164 1.78017 0.497933 1.04697 0.624957 -0.323803 -0.500799 0.727719 1.19409 -1.32951 0.175477 0.0840083 0.114897 0.118014 -0.130249 0.129837 
-0.033143 0.0493149 1.07871 395.635 782.468 866.984 -0.262853 0.230228 -0.0559285 -0.236047 -1.17725 -0.0189411 2.88202 0.265826 0.370647 -0.179175 1.79144 0.477819 1.02654 0.593463 -0.32359 -0.500094 0.718931 1.20009 -1.29842 0.193957 0.0924727 0.170285 0.112523 -0.131827 0.121803 
-0.042209 0.0546135 1.03446 386.811 773.975 868.78 -0.25431 0.21378 -0.0564293 -0.162272 -1.23084 -0.0110751 2.84887 0.213804 0.372669 -0.176651 1.79571 0.476866 1.0146 0.591101 -0.320958 -0.495912 0.719579 1.22012 -1.29123 0.205728 0.0933961 0.192636 0.108099 -0.133445 0.117058 
0.078743 0.00373842 1.03534 138.307 938.495 867.938 -0.117412 -0.0675297 -0.140534 -0.0469133 -0.184627 0.162964 2.72214 0.113909 0.360663 -0.144374 1.8348 0.328946 1.39473 0.854015 -0.332888 -0.510729 0.86312 1.73593 -0.733687 0.443054 0.0890916 -0.012088 0.145985 -0.0352079 0.378848 
0.0675813 -0.00257097 1.03651 160.176 905.505 865.659 -0.155369 0.121646 -0.0996858 0.0255873 -0.2847 0.150891 2.73079 0.00913248 0.357302 -0.148303 1.8374 0.328265 1.38093 0.750364 -0.328551 -0.513339 0.866847 1.80755 -0.64725 0.432349 0.0953861 0.0383034 0.158897 -0.0467029 0.422661 
0.0796015 -0.00582094 0.984049 200.058 871.804 866.387 -0.181279 0.173884 -0.140672 -0.0577163 -0.319962 0.170905 2.76073 -0.0769474 0.353887 -0.148187 1.83765 0.312871 1.38112 0.6639 -0.322827 -0.511629 0.850808 1.73579 -0.6161 0.342001 0.0922436 0.0867729 0.164113 -0.0395956 0.441655 
0.0558752 -0.00857657 0.980705 227.045 865.355 865.917 -0.231872 0.1307 -0.175613 0.0880064 -0.345687 0.104496 2.78356 -0.0695273 0.358813 -0.152396 1.84906 0.357857 1.37088 0.568747 -0.330545 -0.515838 0.837924 1.78723 -0.583022 0.36389 0.0756419 0.0916657 0.17688 -0.0198107 0.396701 
0.0676761 -0.0108341 0.941126 262.761 840.406 861.153 -0.248105 0.14404 -0.140506 -0.0583987 -0.450438 0.0932542 2.77139 -0.149519 0.35674 -0.150551 1.83083 0.362322 1.36546 0.536965 -0.324307 -0.506335 0.846556 1.81584 -0.534336 0.304946 0.0751378 0.121376 0.177759 -0.0182866 0.376249 
0.061298 -0.011439 0.897176 279.933 826.786 858.423 -0.291604 0.150869 -0.131673 -0.0899101 -0.503014 0.0818279 2.75658 -0.172204 0.354038 -0.150712 1.83094 0.381977 1.40179 0.464902 -0.324474 -0.50248 0.844248 1.7912 -0.519181 0.261367 0.0668935 0.16522 0.185669 -0.00241754 0.336332 
0.0553331 -0.0172232 0.881012 287.765 823.874 856.983 -0.361636 0.129298 -0.0893488 -0.0540523 -0.531335 0.107177 2.77295 -0.135771 0.351854 -0.155064 1.81577 0.373987 1.41416 0.354886 -0.325875 -0.504122 0.827302 1.77664 -0.477983 0.256349 0.0618591 0.176988 0.188006 -0.00738045 0.334467 
0.0518625 -0.0203293 0.876646 291.511 822.581 858.57 -0.389834 0.1462 -0.102062 -0.00273011 -0.545718 0.11352 2.79424 -0.113124 0.353187 -0.153429 1.80468 0.377341 1.41507 0.303803 -0.325575 -0.504387 0.82082 1.7372 -0.459847 0.233531 0.0577603 0.186395 0.187771 -0.00181022 0.319081 
0.0324171 -0.0219996 0.897107 301.862 809.578 860.292 -0.411223 0.180134 -0.109641 -0.0671316 -0.546351 0.137723 2.78888 -0.00698724 0.356862 -0.151651 1.81398 0.371449 1.44202 0.310515 -0.328301 -0.503449 0.809503 1.66458 -0.373811 0.245188 0.0587396 0.181654 0.187527 0.00503828 0.32045 
0.0178583 -0.0186032 0.904098 307.582 794.848 860.879 -0.444277 0.220173 -0.111 -0.172416 -0.563627 0.139698 2.80264 0.0361479 0.358838 -0.151232 1.80451 0.373112 1.43469 0.2777 -0.33137 -0.505133 0.785615 1.61404 -0.311587 0.215293 0.0540868 0.158243 0.192851 -0.0148475 0.34297 
0.00696328 -0.0150106 0.933055 308.046 780.091 861.89 -0.441894 0.246192 -0.0864784 -0.237068 -0.581223 0.141603 2.8179 0.106976 0.3601 -0.150727 1.81568 0.36122 1.44787 0.26986 -0.332037 -0.502968 0.774108 1.57452 -0.341062 0.239006 0.0627324 0.13866 0.19435 -0.0064489 0.348762 
-0.00581221 -0.02151 1.05949 317.683 750.682 865.618 -0.399445 0.278646 -0.0563906 -0.381564 -0.724485 0.0121916 2.9847 0.241225 0.35855 -0.158388 1.89839 0.333254 1.62163 0.29112 -0.321997 -0.484083 0.739556 1.46292 -0.548743 0.346122 0.090073 0.0425783 0.22266 -0.0010341 0.356383 
-0.0143268 -0.0211163 1.12707 318.622 736.363 864.52 -0.39385 0.313907 -0.0217572 -0.472488 -0.820401 -0.127858 3.11299 0.211911 0.359113 -0.164196 1.94353 0.356349 1.69094 0.344873 -0.31545 -0.474365 0.726569 1.37802 -0.670843 0.436865 0.105708 0.0155357 0.226292 -0.0157643 0.353574 
-0.0164672 -0.0170176 1.09873 310.01 729.777 863.856 -0.398803 0.360268 0.0375798 -0.573702 -0.85404 -0.161295 3.14086 0.15492 0.358388 -0.166301 1.94183 0.363124 1.67825 0.402198 -0.318641 -0.472132 0.713315 1.33853 -0.704699 0.49715 0.108719 0.0588031 0.209274 -0.0199673 0.376638 
-0.0227579 -0.0268998 1.03185 303.891 719.012 868.279 -0.416891 0.34225 -0.0333898 -0.473675 -1.11133 -0.145804 3.02667 0.221911 0.352285 -0.156914 1.93339 0.386648 1.72335 0.279531 -0.318903 -0.471609 0.704825 1.35064 -0.684075 0.507894 0.0864904 0.11983 0.238264 -0.0431106 0.380995 
-0.0588132 -0.0415806 0.990009 315.005 693.634 869.639 -0.423489 0.355994 -0.043812 -0.554918 -1.24067 -0.178185 2.94495 0.221798 0.346819 -0.147949 1.92676 0.423845 1.76331 0.184191 -0.315966 -0.464161 0.708821 1.33153 -0.745576 0.477371 0.0804982 0.177683 0.256318 -0.0573727 0.404311 
-0.0792737 -0.0452751 0.920229 314.032 675.56 868.422 -0.4138 0.409671 -0.0226869 -0.670901 -1.28099 -0.202483 2.92113 0.04793 0.346333 -0.152244 1.90636 0.412672 1.79201 0.137481 -0.319278 -0.461758 0.690892 1.33235 -0.716454 0.491542 0.0852861 0.231843 0.254195 -0.0424928 0.368598 
-0.113542 -0.05258 0.912908 328.604 645.857 871.691 -0.455477 0.40614 -0.0391865 -0.715663 -1.29285 -0.307581 2.99247 -0.00327493 0.348299 -0.140693 1.92296 0.435903 1.7917 0.0858304 -0.321687 -0.462584 0.710452 1.30754 -0.775207 0.551282 0.0804371 0.246022 0.262174 -0.0456352 0.359938 
-0.149308 -0.0603676 0.939854 337.409 625.217 873.122 -0.476412 0.393105 -0.0336361 -0.811673 -1.31385 -0.338307 3.02136 0.0462232 0.350308 -0.13269 1.92928 0.452153 1.79771 0.0800842 -0.323934 -0.465551 0.719231 1.33464 -0.793555 0.627263 0.0652563 0.212712 0.274061 -0.0379963 0.390909 
-0.184588 -0.0625652 0.967737 360.509 596.295 874.46 -0.509971 0.355182 -0.0330617 -0.921956 -1.32545 -0.30312 2.98405 0.124264 0.351585 -0.136768 1.93146 0.484595 1.79275 0.0736249 -0.322903 -0.458827 0.704706 1.35568 -0.76154 0.692999 0.0572686 0.160917 0.283341 -0.0202111 0.417902 
0.0755042 0.00717677 0.990286 97.5692 862.598 869.16 -0.111176 -0.171495 -0.14596 -0.0853425 -0.210163 0.157499 2.67567 0.150447 0.365733 -0.142202 1.82631 0.316065 1.41019 0.848446 -0.329798 -0.513218 0.854658 1.69809 -0.707821 0.467964 0.0797778 -0.0569903 0.134055 -0.031571 0.394636 
0.0492045 0.0123456 1.09166 68.1048 815.883 864.544 -0.13218 -0.0901848 -0.147702 -0.139378 -0.232451 0.115682 2.61301 0.109698 0.367024 -0.148708 1.79636 0.314924 1.39836 0.791911 -0.329452 -0.511848 0.8386 1.58386 -0.655582 0.435133 0.0733361 -0.0138632 0.131759 -0.0317559 0.406062 
0.0520254 0.00776125 1.06079 69.1567 766.753 867.399 -0.132279 -0.0538206 -0.179218 -0.095664 -0.320047 0.175123 2.65455 0.225146 0.368956 -0.151745 1.79135 0.343301 1.41351 0.793832 -0.330038 -0.508229 0.833992 1.56471 -0.667362 0.475666 0.0517769 -0.0121752 0.159619 -0.0124581 0.382334 
0.0954669 -0.0063093 1.05383 97.2369 717.792 872.262 -0.150033 -0.0491839 -0.183061 -0.0995975 -0.409679 0.183398 2.69025 0.397891 0.369156 -0.147907 1.82613 0.443547 1.49721 0.794161 -0.323421 -0.499411 0.839164 1.57877 -0.779657 0.595647 0.0357022 0.000280227 0.175707 0.00804315 0.32419 
0.104993 -0.0124056 1.03467 102.827 694.501 876.759 -0.158273 -0.0263572 -0.180899 -0.116159 -0.508078 0.19042 2.74139 0.429455 0.369326 -0.147723 1.82365 0.432007 1.48745 0.734778 -0.321895 -0.495625 0.844962 1.59137 -0.759422 0.606772 0.0300979 0.0196536 0.174045 0.00377702 0.303689 
0.10755 -0.0112654 1.00819 99.8827 679.485 880.824 -0.179405 0.0119498 -0.1568 -0.280246 -0.643104 0.158964 2.76603 0.390413 0.369401 -0.143189 1.8168 0.362562 1.48194 0.726478 -0.324968 -0.500751 0.834219 1.59269 -0.673424 0.580133 0.025894 0.0557468 0.151754 -0.0133111 0.280469 
0.107546 -0.0139324 0.978152 92.9442 671.287 881.734 -0.215466 0.00153526 -0.154094 -0.350324 -0.731381 0.125462 2.81559 0.336807 0.368234 -0.14172 1.81696 0.356515 1.48553 0.706908 -0.324199 -0.500961 0.836939 1.62091 -0.654825 0.597678 0.0237056 0.0826612 0.143196 -0.0159291 0.281117 
0.112728 -0.0150524 0.971898 84.0774 665.815 883.462 -0.232228 -0.0271919 -0.182233 -0.389548 -0.845966 0.125326 2.83317 0.326327 0.365222 -0.145202 1.79556 0.338892 1.484 0.673474 -0.32933 -0.506768 0.836286 1.65561 -0.672704 0.571971 0.0151733 0.068567 0.143831 -0.0305723 0.288281 
0.115545 -0.0141234 0.944994 76.434 660.736 885.143 -0.258501 -0.0258136 -0.188019 -0.37803 -0.882777 0.117877 2.79884 0.274413 0.364275 -0.145105 1.78194 0.323405 1.45188 0.648646 -0.327718 -0.51107 0.841304 1.67056 -0.625745 0.560152 0.0136768 0.0907157 0.140577 -0.0330866 0.302367 
0.114931 -0.00872768 0.905772 69.1231 652.308 887.7 -0.286528 -0.0357099 -0.157798 -0.335818 -0.880764 0.134995 2.75633 0.222712 0.367037 -0.145525 1.76998 0.306253 1.37093 0.60763 -0.321932 -0.510271 0.854212 1.65163 -0.523844 0.529572 0.0145238 0.127104 0.133964 -0.0160279 0.34625 
0.111022 -0.00809735 0.905622 62.9269 642.748 889.507 -0.288261 -0.020726 -0.137563 -0.40329 -0.875289 0.12303 2.73986 0.226756 0.366116 -0.142191 1.76369 0.281276 1.37334 0.555474 -0.322067 -0.512917 0.868959 1.60604 -0.431895 0.567997 0.023363 0.135796 0.11937 -0.0147679 0.356689 
0.103115 -0.0169901 0.90869 62.0836 633.411 892.992 -0.291351 0.0250784 -0.117333 -0.5357 -0.88264 0.0493177 2.69938 0.196144 0.366946 -0.134642 1.7821 0.224598 1.39145 0.477109 -0.327021 -0.515108 0.880995 1.55747 -0.458295 0.654454 0.0333271 0.145365 0.117293 -0.0200425 0.349123 
0.0872043 -0.00849703 0.872144 58.359 623.627 895.747 -0.309245 -0.0704066 -0.11671 -0.328313 -0.849209 0.105643 2.7315 0.185781 0.364504 -0.144693 1.75717 0.238194 1.47748 0.567422 -0.3198 -0.521195 0.881668 1.57779 -0.352651 0.789917 0.033409 0.16287 0.072325 -0.0401416 0.379423 
0.080875 0.00402408 0.821221 47.3226 615.421 899.048 -0.338633 -0.121916 -0.119006 -0.164193 -0.835806 0.147888 2.73908 0.188616 0.3637 -0.147495 1.72945 0.255412 1.56716 0.644746 -0.31294 -0.52205 0.87528 1.6045 -0.310159 0.967013 0.0323488 0.198518 0.029645 -0.0647001 0.383213 
0.0860374 0.0143137 0.776273 32.1625 609.583 895.408 -0.36749 -0.155423 -0.106528 -0.0787161 -0.861541 0.175383 2.8342 0.162196 0.366706 -0.143834 1.7272 0.266214 1.55055 0.584397 -0.313298 -0.524402 0.869963 1.6463 -0.239396 1.03819 0.0403047 0.236556 0.0210292 -0.0615093 0.380992 
0.0914702 0.0222544 0.779975 25.3924 602.771 890.715 -0.373454 -0.159219 -0.067393 -0.0607139 -0.908603 0.101885 2.89887 0.23624 0.36658 -0.138075 1.72812 0.246245 1.49669 0.382761 -0.318084 -0.523837 0.875122 1.65481 -0.250733 0.944365 0.0365056 0.223412 0.0508651 -0.0585835 0.400315 
0.0920532 0.0311535 0.818834 22.441 594.654 888.062 -0.352163 -0.161368 -0.0264419 -0.0816872 -0.954121 0.0671162 2.90884 0.401331 0.36209 -0.128589 1.73884 0.200025 1.47555 0.222365 -0.313825 -0.519153 0.867033 1.59596 -0.335514 0.748141 0.0356997 0.193661 0.0732013 -0.0540539 0.402214 
0.0926425 0.0374717 0.846085 16.5507 592.141 887.264 -0.354554 -0.165473 0.0116083 -0.11114 -0.97152 0.0664239 2.90745 0.57447 0.362546 -0.129212 1.74912 0.154762 1.45384 0.1966 -0.311275 -0.519194 0.869215 1.54901 -0.387892 0.665684 0.0292701 0.182753 0.0691335 -0.0498167 0.403359 
0.089029 0.0484787 0.927232 21.8491 586.387 889.25 -0.342879 -0.182525 0.0654062 -0.162025 -0.997744 0.135313 2.85546 0.93449 0.362045 -0.133011 1.7792 0.0474323 1.4038 0.123158 -0.312897 -0.514298 0.874451 1.53517 -0.497208 0.435364 0.00822153 0.11579 0.077291 -0.0349183 0.402467 
0.0704197 0.0491019 1.00496 37.7902 580.495 891.171 -0.321369 -0.206575 0.175831 -0.227713 -1.00189 0.178438 2.81114 1.24676 0.359693 -0.142694 1.78884 -0.0590454 1.35942 0.0980182 -0.312491 -0.509153 0.862533 1.5567 -0.506319 0.183999 -0.0167335 0.0397452 0.0852676 -0.0270583 0.399223 
0.0719577 0.0115901 0.865624 78.6094 890.564 864.095 -0.0739788 -0.167919 -0.142037 -0.1736 -0.204643 0.0964855 2.70571 0.172544 0.366462 -0.143988 1.85301 0.34785 1.40652 0.813039 -0.329619 -0.517516 0.852158 1.7255 -0.720424 0.456208 0.0817682 -0.16873 0.154452 -0.0162188 0.337874 
0.0614933 0.0185454 0.786844 9.07181 835.881 863.448 -0.0287437 -0.197388 -0.111451 -0.257482 -0.187876 0.0629392 2.60436 0.14616 0.367341 -0.133195 1.87834 0.314173 1.46038 0.828907 -0.327363 -0.523848 0.834152 1.72879 -0.7661 0.466332 0.0742028 -0.186831 0.134255 -0.0191866 0.328891 
0.0349626 0.0128461 0.66669 -31.3434 763.98 864.118 -0.0406149 -0.285157 -0.07422 -0.347992 -0.157467 0.0940859 2.59784 0.107522 0.36557 -0.131136 1.90059 0.331666 1.48604 0.845137 -0.327333 -0.526633 0.834411 1.68599 -0.758899 0.453452 0.0651421 -0.208333 0.122974 -0.0249701 0.333105 
0.0489699 0.00797203 0.733404 -75.5063 699.3 862.163 -0.0248347 -0.233477 -0.0439924 -0.419731 -0.207372 0.0334644 2.62928 0.146709 0.368612 -0.140041 1.87225 0.332917 1.51577 0.848104 -0.321658 -0.529348 0.814247 1.67141 -0.688829 0.486451 0.0555903 -0.189434 0.104586 -0.0202212 0.341444 
0.0388868 0.0289451 0.868233 -102.788 660.536 857.314 -0.00865596 -0.0723076 -0.138449 -0.516641 -0.0834642 0.00580076 2.69596 0.227972 0.368632 -0.152573 1.87085 0.312368 1.52509 0.847648 -0.320379 -0.518526 0.828432 1.58922 -0.734977 0.471935 0.0577243 -0.104298 0.0801253 -0.0047929 0.373046 
0.0440071 0.03603 0.912835 -120.585 647.214 862.136 -0.0386276 -0.0126293 -0.138771 -0.504809 -0.114747 -0.0515923 2.68483 0.28056 0.364598 -0.156346 1.86264 0.32938 1.55072 0.820845 -0.31868 -0.52074 0.818066 1.55622 -0.770761 0.443594 0.0517133 -0.05902 0.0804277 -0.0037117 0.395289 
0.0341765 0.039044 1.01404 -136.93 613.08 861.351 -0.0502841 0.0175406 -0.10917 -0.463272 -0.134984 -0.0891668 2.77932 0.387157 0.363751 -0.156434 1.87082 0.345532 1.5943 0.861936 -0.312712 -0.526457 0.824307 1.51715 -0.768645 0.342071 0.041032 0.0205654 0.0793916 0.00755099 0.470251 
0.0263445 0.0400573 1.03488 -142.399 595.636 858.519 -0.0461811 0.0212157 -0.066397 -0.417556 -0.192609 -0.143461 2.80566 0.385271 0.360874 -0.154341 1.86579 0.316011 1.59663 0.824042 -0.311685 -0.528266 0.854798 1.522 -0.806738 0.288745 0.0420332 0.0388856 0.0663398 0.0155725 0.454366 
0.0371672 0.0354186 1.05738 -128.235 560.054 859.538 -0.0998576 -0.0104285 -0.0832187 -0.443309 -0.225458 -0.229793 2.78094 0.311349 0.357857 -0.160372 1.86679 0.328271 1.60773 0.772845 -0.310682 -0.537642 0.836685 1.43423 -0.722049 0.347723 0.0460491 0.0779456 0.0649398 0.0244212 0.499604 
0.0504075 0.0369012 1.05661 -105.133 512.33 862.722 -0.163888 -0.0457698 -0.116901 -0.450094 -0.240292 -0.283356 2.72027 0.226153 0.358118 -0.158448 1.85675 0.331034 1.63881 0.777507 -0.306614 -0.543816 0.803735 1.35948 -0.71698 0.347425 0.0542437 0.123217 0.0560502 0.0301499 0.534391 
0.067051 0.0503594 1.01608 -94.396 464.093 860.161 -0.171212 -0.0360471 -0.095536 -0.438199 -0.361644 -0.30815 2.6883 0.190235 0.359349 -0.143165 1.84872 0.35794 1.6455 0.85365 -0.295161 -0.541512 0.787509 1.34987 -0.739258 0.311241 0.0633511 0.173995 0.0442443 0.0318023 0.551062 
0.0517565 0.0562518 1.01067 -82.5502 423.561 859.38 -0.207479 -0.0947226 -0.0860828 -0.370975 -0.490747 -0.345981 2.70442 0.10855 0.359289 -0.138793 1.84067 0.363422 1.62572 0.878897 -0.292959 -0.537747 0.798144 1.30738 -0.830275 0.333297 0.0707704 0.186936 0.0543903 0.0263374 0.539805 
0.0367531 0.055183 0.998711 -63.129 382.298 861.204 -0.223188 -0.167491 -0.0607817 -0.256715 -0.546361 -0.370749 2.64097 -0.0260724 0.36025 -0.141587 1.83266 0.312793 1.58961 0.993397 -0.293537 -0.539926 0.784447 1.29059 -0.830446 0.287841 0.076394 0.216153 0.0688205 0.0268415 0.546298 
0.0497261 0.0619028 0.989623 -53.7241 350.559 864.018 -0.225447 -0.185717 -0.0647701 -0.171755 -0.521015 -0.362925 2.64873 -0.118425 0.358815 -0.141208 1.82178 0.301471 1.59023 1.06145 -0.288477 -0.54158 0.778457 1.29415 -0.856451 0.226779 0.0834484 0.210159 0.0709605 0.0379301 0.539742 
0.0839714 0.0644127 0.944404 -37.8045 332.048 865.019 -0.245399 -0.229805 -0.199711 -0.0829303 -0.384954 -0.343676 2.75872 -0.154141 0.358336 -0.151152 1.82434 0.306872 1.62124 0.973427 -0.275168 -0.532068 0.850668 1.35438 -1.01216 0.202037 0.0704214 0.194201 0.0714361 0.0505938 0.548675 
0.0973185 0.0643344 0.893047 -43.5644 323.287 867.57 -0.254479 -0.275002 -0.235813 0.0132838 -0.375161 -0.347442 2.75733 -0.220371 0.357421 -0.153508 1.82677 0.329516 1.63371 0.924781 -0.271861 -0.527727 0.876264 1.39803 -1.08667 0.188456 0.0633156 0.198503 0.0633092 0.0587872 0.561561 
0.100988 0.0665864 0.904364 -52.4293 315.334 871.689 -0.240732 -0.339739 -0.207083 0.134989 -0.379484 -0.35997 2.67899 -0.287654 0.355524 -0.156255 1.82487 0.341565 1.62218 0.889636 -0.274983 -0.526615 0.874024 1.42022 -1.07104 0.144295 0.06603 0.173481 0.0578896 0.0721427 0.572095 
0.0890155 0.0496885 1.10185 -56.5509 306.039 876.713 -0.160463 -0.317439 0.0527735 -0.0714124 -0.567323 -0.291607 2.71848 0.0717584 0.350195 -0.137333 1.79158 0.158602 1.52592 1.14245 -0.301326 -0.54646 0.824268 1.31455 -0.721505 0.160012 0.0806832 0.00960163 0.133156 0.0845532 0.538893 
0.0837834 0.0473504 1.1556 -60.8878 294.185 879.104 -0.159117 -0.340125 0.137716 -0.0259796 -0.570857 -0.280709 2.74606 0.154003 0.346262 -0.131392 1.78735 0.0927546 1.53253 1.28507 -0.307088 -0.548479 0.822728 1.29192 -0.621168 0.16929 0.0863863 -0.0362765 0.147094 0.0885373 0.486106 
0.0874596 0.0492259 1.15558 -70.7635 279.101 882.257 -0.165764 -0.355218 0.111308 0.00355216 -0.574355 -0.266916 2.74648 0.180683 0.345035 -0.128709 1.80375 0.0936068 1.55344 1.34751 -0.304567 -0.550368 0.823893 1.31976 -0.603232 0.151284 0.0860796 -0.0525517 0.149456 0.0893979 0.485404 
0.0785378 0.0131188 0.967576 101.367 951.645 868.936 -0.100277 -0.235306 -0.160392 -0.162312 -0.156303 0.165292 2.73057 0.170169 0.361456 -0.143549 1.83847 0.322646 1.40614 0.928796 -0.330418 -0.512938 0.857054 1.71914 -0.737304 0.448941 0.0961868 -0.0982316 0.146419 -0.0302993 0.364728 
0.0824737 0.0177183 0.94193 94.9734 965.8 868.241 -0.0632038 -0.225906 -0.175295 -0.232662 -0.149031 0.0889995 2.73135 0.303589 0.361675 -0.146016 1.83923 0.358249 1.43992 0.992484 -0.331245 -0.510715 0.848357 1.74007 -0.72592 0.479984 0.0904463 -0.0960533 0.134559 -0.0259874 0.348738 
0.0802161 0.0124413 0.965478 70.8236 935.175 867.371 -0.0211271 -0.215313 -0.132529 -0.250155 -0.0791975 -0.0448886 2.77597 0.259387 0.365619 -0.142019 1.86856 0.352495 1.49599 1.05946 -0.326088 -0.511593 0.850647 1.74175 -0.74986 0.385291 0.084522 -0.0444365 0.130658 -0.0417011 0.305713 
0.0734608 0.0102713 1.0067 48.4673 881.248 868.375 -0.00943695 -0.232936 -0.0869852 -0.294926 -0.019045 -0.138618 2.76415 0.136635 0.366662 -0.140932 1.9052 0.300147 1.5264 1.15569 -0.319545 -0.512448 0.850413 1.79817 -0.756411 0.277657 0.0981086 0.00405933 0.142397 -0.0569695 0.250036 
0.0731371 0.0127506 1.06546 43.7384 869.706 865.55 0.0058463 -0.219062 -0.0748551 -0.285441 -0.0177768 -0.132543 2.73166 0.12781 0.36869 -0.141847 1.90862 0.304884 1.52629 1.21042 -0.316101 -0.511459 0.866018 1.83585 -0.72717 0.263508 0.106933 -0.00987108 0.139108 -0.0472631 0.2394 
0.106613 0.0122421 1.13784 20.0947 869.058 859.076 0.0334551 -0.285941 -0.0571652 -0.327499 -0.0422517 -0.1023 2.71336 0.193592 0.373796 -0.148022 1.90946 0.339854 1.54255 1.2522 -0.322094 -0.512299 0.896613 1.87503 -0.744706 0.211045 0.113448 -0.0130117 0.143712 -0.0511229 0.205571 
0.137763 0.0381479 1.20813 -1.09613 854.416 858.349 0.0560472 -0.386323 -0.164873 -0.534657 -0.0844214 -0.049512 2.74051 0.176475 0.362825 -0.151904 1.88279 0.352363 1.51046 1.44911 -0.319748 -0.504727 0.895885 1.71021 -0.920092 0.131898 0.110883 0.0658079 0.131618 -0.0441349 0.307151 
0.16058 0.0483342 1.37381 -11.731 840.173 860.084 0.077356 -0.453717 -0.194665 -0.452874 -0.115353 -0.0114506 2.74196 0.158415 0.356907 -0.158003 1.86533 0.3154 1.49886 1.52772 -0.313458 -0.496014 0.912402 1.71246 -1.04393 0.0502906 0.11634 0.0759172 0.122118 -0.0373823 0.315823 
0.170302 0.0534462 1.38835 -18.3804 826.417 862.737 0.126258 -0.599823 -0.152782 -0.261522 -0.144512 -0.00906612 2.63439 0.194826 0.351107 -0.166525 1.87478 0.287824 1.53086 1.55082 -0.3105 -0.493647 0.923867 1.72563 -1.14785 -0.0634257 0.129181 0.073994 0.115085 -0.0340732 0.282908 
0.176715 0.05519 1.43268 -27.9015 815.3 862.72 0.1415 -0.723675 -0.163556 -0.22662 -0.156592 0.000594631 2.62393 0.204886 0.350487 -0.164519 1.88103 0.272709 1.53264 1.60346 -0.306212 -0.492144 0.929517 1.68739 -1.16194 -0.0824516 0.127021 0.0849122 0.109652 -0.0236025 0.288111 
0.143805 0.0473536 1.73409 -113.358 699.192 865.63 0.0980557 -0.530501 -0.165808 -0.216653 -0.053385 -0.0768218 2.62142 0.181389 0.352127 -0.158877 1.93323 0.22564 1.5161 1.56355 -0.300018 -0.496515 0.940126 1.72085 -1.20103 -0.039783 0.126773 0.241153 0.105574 -0.00944755 0.173613 
0.126444 0.0438041 1.71198 -146.392 624.733 868.193 0.0962245 -0.557194 -0.157455 -0.138641 0.00242748 -0.0568817 2.61201 0.201687 0.353694 -0.160907 1.91337 0.231612 1.53904 1.57463 -0.297384 -0.494169 0.94755 1.71588 -1.29556 -0.0484276 0.12914 0.255881 0.107841 -0.01233 0.188609 
0.153404 0.0420238 1.6792 -190.355 569.807 869.844 0.120199 -0.582988 -0.124889 -0.284803 0.139787 -0.164648 2.71449 0.328323 0.345823 -0.149299 1.91775 0.153594 1.5681 1.59134 -0.286025 -0.487603 0.958918 1.71946 -1.24988 -0.153633 0.145965 0.234836 0.0921167 0.00859647 0.272773 
0.116987 0.0370244 1.35426 -238.53 510.281 868.119 0.118046 -0.491679 -0.0429924 -0.442192 0.10427 -0.0450344 2.64937 0.570288 0.353767 -0.155297 1.88128 0.266798 1.631 1.56413 -0.308889 -0.512919 0.956166 1.68939 -1.41961 -0.185252 0.128155 0.132682 0.0924807 -0.00371587 0.256084 
0.123493 0.0443423 1.19782 -264.838 439.053 869.362 0.106755 -0.512007 -0.0169559 -0.420441 0.0765938 -0.0643241 2.59929 0.600712 0.35663 -0.158536 1.89791 0.236009 1.65087 1.49124 -0.306354 -0.510603 0.971467 1.6446 -1.32981 -0.19643 0.112546 0.102418 0.100285 0.0085154 0.255386 
0.12213 0.0325603 1.05364 -289.868 379.697 871.125 0.0994888 -0.553628 0.0257751 -0.325907 0.0666564 -0.00760448 2.55924 0.655375 0.352975 -0.143013 1.89668 0.18578 1.69298 1.46463 -0.305248 -0.510795 0.972048 1.62265 -1.35491 -0.0871857 0.115456 0.0576759 0.0854811 0.0163416 0.238769 
0.112959 0.031478 0.96802 -294.34 357.151 875.595 0.128776 -0.579796 -0.0358857 -0.440454 -0.0416566 -0.17561 2.60204 0.507426 0.35329 -0.148988 1.89794 0.19816 1.695 1.40564 -0.2989 -0.506786 0.955037 1.63079 -1.39909 0.0246023 0.0986415 0.0182236 0.0768697 0.012106 0.251777 
0.11249 0.0374513 0.947067 -263.401 316.139 877.577 0.124759 -0.626988 0.0061695 -0.254208 -0.0491733 -0.209341 2.71728 0.557312 0.356097 -0.141808 1.86897 0.24326 1.71265 1.42705 -0.308789 -0.497578 0.968674 1.6269 -1.30032 -0.0938988 0.0870356 0.0285433 0.0815756 0.0316489 0.179847 
0.0956258 0.04417 0.898121 -217.348 255.361 882.377 0.0923415 -0.605909 -0.051955 -0.133611 -0.128923 -0.236936 2.83527 0.515598 0.355952 -0.130834 1.81883 0.287564 1.70588 1.43909 -0.316938 -0.483578 0.970541 1.73463 -1.14192 0.00492652 0.0739825 0.00467942 0.085905 0.0518479 0.164417 
0.0989112 0.051692 0.851327 -183.776 214.469 878.528 0.0696451 -0.568742 -0.105662 -0.136549 -0.181609 -0.236671 2.84654 0.491427 0.355302 -0.129284 1.81069 0.258582 1.69358 1.4105 -0.319683 -0.477089 0.962247 1.78217 -1.12803 0.00291099 0.0590249 -0.0269425 0.0969024 0.0559148 0.165974 
0.0702651 0.0161154 0.949053 101.882 951.157 867.037 -0.0864337 -0.248075 -0.162893 -0.178654 -0.144889 0.152048 2.73416 0.256671 0.361154 -0.141044 1.8354 0.328716 1.4124 0.893276 -0.331072 -0.512814 0.882205 1.72804 -0.732782 0.465315 0.0944914 -0.0885525 0.136613 -0.0342879 0.370267 
0.0629221 0.0213326 0.924107 98.01 949.472 867.707 -0.0728151 -0.283758 -0.167644 -0.225535 -0.113485 0.0953641 2.73095 0.365777 0.363104 -0.142391 1.8311 0.3421 1.43755 0.933179 -0.331157 -0.517405 0.895637 1.74402 -0.694102 0.480404 0.0953355 -0.0738716 0.132469 -0.0393418 0.362824 
0.0504179 0.0258648 0.896343 85.1197 927.417 867.427 -0.0612514 -0.313376 -0.17077 -0.265381 -0.0734094 0.0840223 2.73769 0.331548 0.362746 -0.147724 1.82567 0.343611 1.47063 1.04149 -0.328703 -0.523282 0.910014 1.77648 -0.695679 0.534414 0.097375 -0.0315176 0.11608 -0.0486739 0.326503 
0.058101 0.0183924 0.92998 79.4481 930.055 865.911 -0.0665585 -0.318177 -0.160906 -0.291826 -0.0818113 0.055926 2.74892 0.362143 0.360326 -0.141666 1.81673 0.35846 1.50699 1.08121 -0.327211 -0.522336 0.902413 1.81476 -0.748691 0.443594 0.0928206 -0.0379863 0.113121 -0.0546641 0.347121 
0.0452958 0.0155952 0.970413 48.1187 886.285 859.804 -0.0412366 -0.277047 -0.159881 -0.30677 0.0166538 -0.0978076 3.02092 0.136144 0.372091 -0.128826 1.82238 0.291117 1.5467 1.01481 -0.324742 -0.521463 0.945445 1.89101 -0.882134 0.353103 0.101242 0.0713796 0.100443 -0.0301669 0.38954 
0.0508699 0.0173722 1.00107 36.4721 880.001 853.626 -0.0141643 -0.221576 -0.190102 -0.329618 0.0232828 -0.147108 3.0843 0.0658585 0.378723 -0.129824 1.81009 0.269703 1.56656 0.873861 -0.314503 -0.520805 0.953587 1.89961 -0.965506 0.318048 0.10958 0.12174 0.10096 -0.0178675 0.347504 
0.0627961 0.0180706 1.03764 30.579 877.278 849.62 -0.00221281 -0.200563 -0.233051 -0.288706 0.00534345 -0.155612 3.0627 0.0502574 0.382409 -0.131835 1.79727 0.241962 1.54081 0.731198 -0.30914 -0.516166 0.964323 1.85844 -1.0547 0.28757 0.114558 0.193057 0.0989515 -0.0118751 0.327787 
0.0961621 0.0164571 1.13545 19.5562 874.379 848.351 -0.0291352 -0.152395 -0.278699 -0.333944 -0.0494865 -0.124917 3.07935 0.127357 0.379239 -0.119642 1.77789 0.232066 1.54837 0.648692 -0.309874 -0.507656 0.987719 1.82908 -1.04795 0.27448 0.122994 0.182958 0.0930099 -0.00441694 0.400605 
0.104265 0.0175662 1.15752 9.98351 865.721 850.107 -0.0408697 -0.0957059 -0.275479 -0.374557 -0.0567664 -0.0939536 3.13306 0.179044 0.374435 -0.113438 1.76017 0.231276 1.60246 0.553691 -0.310933 -0.507681 0.994979 1.83215 -1.01984 0.231216 0.134857 0.144837 0.0837325 -0.00920256 0.441918 
0.0775823 0.017668 1.12454 17.1482 856.089 848.384 0.0139001 -0.0976072 -0.256102 -0.372229 -0.0161585 -0.0571237 3.11434 0.246372 0.378108 -0.126864 1.72152 0.164815 1.56296 0.483482 -0.312959 -0.505157 0.997504 1.82495 -0.941945 0.176106 0.152762 0.1109 0.0561596 0.0213927 0.344102 
0.0498853 0.016958 1.12934 19.6345 844.989 844.789 0.04863 -0.0672534 -0.239957 -0.448636 0.0482685 -0.0218291 3.11704 0.278973 0.383321 -0.135529 1.69863 0.123215 1.47779 0.44634 -0.316699 -0.500435 0.993392 1.80821 -0.87543 0.106016 0.169664 0.0695348 0.0157642 0.049764 0.230677 
0.0362836 0.0179988 1.12425 27.5175 840.24 843.457 0.0700993 -0.0699039 -0.249119 -0.467882 0.0751551 0.00167719 3.12507 0.327908 0.385444 -0.139453 1.67579 0.093981 1.42113 0.417954 -0.318817 -0.499119 0.990791 1.80698 -0.854494 0.1049 0.172317 0.0649512 -0.00293565 0.0565021 0.193838 
0.0279663 0.0208003 1.11438 26.2405 837.826 842.516 0.0761128 -0.072968 -0.256921 -0.446786 0.0724902 0.00872563 3.10767 0.354064 0.384854 -0.141664 1.67407 0.0669444 1.38941 0.43396 -0.317628 -0.501259 0.992078 1.81687 -0.844328 0.0861183 0.171778 0.079625 -0.0115268 0.0583244 0.203534 
0.0245053 0.0239678 1.11595 27.9387 836.624 841.24 0.0945451 -0.0851164 -0.214663 -0.405139 0.0646858 0.014675 3.07991 0.390899 0.388194 -0.142258 1.66473 0.061008 1.3524 0.491989 -0.312856 -0.504065 0.989547 1.83263 -0.85728 0.0797963 0.170115 0.0860133 -0.0184255 0.0627508 0.211589 
0.0293589 0.0223576 1.13128 19.1608 827.29 843.448 0.131701 -0.144573 -0.20223 -0.384416 0.0728342 0.0786397 3.12676 0.44739 0.395142 -0.14206 1.64098 0.0468369 1.36017 0.452003 -0.306355 -0.508893 0.987358 1.8419 -0.851885 0.065263 0.184686 0.0721642 -0.0274519 0.0507941 0.204209 
0.0319028 0.0220632 1.14418 12.4322 820.859 843.424 0.14531 -0.152194 -0.223981 -0.370864 0.0546093 0.093114 3.16048 0.398178 0.397999 -0.144437 1.63918 0.0410242 1.3791 0.375211 -0.306347 -0.512221 1.00102 1.86149 -0.831171 0.117809 0.191916 0.0403897 -0.0402092 0.032879 0.174177 
0.0154871 0.0157882 1.09788 19.3333 820.797 839.11 0.136025 -0.131325 -0.154301 -0.355969 0.0742783 0.104556 3.10736 0.39294 0.390962 -0.147817 1.66408 0.00806006 1.33154 0.394451 -0.300693 -0.511173 1.00923 1.86805 -0.877404 0.12294 0.191892 0.0833712 -0.0378991 0.0283654 0.195774 
0.0241895 0.0189081 1.11218 13.1458 815.558 840.192 0.179095 -0.198036 -0.106405 -0.335386 0.0954853 0.13937 3.158 0.449007 0.391691 -0.146704 1.67185 0.0101124 1.31437 0.401261 -0.29896 -0.513675 1.01928 1.83614 -0.870119 0.103082 0.198293 0.0825321 -0.0300715 0.0176508 0.194798 
0.0137165 0.0201327 1.10234 14.3524 813.076 837.592 0.222022 -0.24594 -0.0877251 -0.308937 0.107741 0.140601 3.11044 0.51151 0.389612 -0.141375 1.67415 -0.0118783 1.30398 0.463528 -0.29646 -0.514277 1.02097 1.81744 -1.01483 0.0875267 0.201116 0.0991266 -0.0348415 0.012612 0.225122 
0.0098239 0.0222192 1.10766 12.1973 808.386 836.421 0.250783 -0.262808 -0.133317 -0.312016 0.105686 0.112105 3.05587 0.517768 0.388891 -0.145477 1.66622 -0.000404116 1.32189 0.421043 -0.297679 -0.512348 1.01915 1.86842 -1.08749 0.108324 0.204775 0.0866393 -0.0389531 0.0153244 0.233767 
0.0728577 0.0109952 0.97983 110.506 959.933 869.05 -0.101401 -0.219338 -0.135561 -0.115272 -0.141411 0.141499 2.71402 0.160008 0.36056 -0.141663 1.84198 0.319325 1.39447 0.861104 -0.333496 -0.513056 0.857908 1.73155 -0.734796 0.436993 0.0899882 -0.0822903 0.140926 -0.0329002 0.384949 
0.0745714 0.0117174 0.968543 100.898 959.109 869.646 -0.0956762 -0.25598 -0.152505 -0.218842 -0.14412 0.129486 2.69712 0.283818 0.360719 -0.144271 1.8433 0.352156 1.41685 0.955805 -0.331172 -0.509926 0.859516 1.7324 -0.743684 0.429568 0.0961554 -0.0870723 0.134552 -0.0438925 0.408092 
0.0742319 0.00986478 0.941248 87.7106 946.687 871.398 -0.0851692 -0.248532 -0.2049 -0.291881 -0.140449 0.157957 2.70543 0.458718 0.362774 -0.143585 1.83272 0.376189 1.49416 1.0923 -0.3298 -0.499889 0.875833 1.77311 -0.736841 0.410211 0.101784 -0.111499 0.118813 -0.0453888 0.440278 
0.0594607 0.0127415 0.885698 81.8435 925.986 873.207 -0.0915443 -0.254588 -0.227449 -0.366021 -0.116147 0.22138 2.69968 0.627686 0.363573 -0.141971 1.81874 0.420923 1.55665 1.14427 -0.320563 -0.497396 0.880867 1.84537 -0.73961 0.417562 0.109441 -0.112716 0.119753 -0.0496644 0.501017 
0.0605402 0.00707855 0.901376 74.7202 917.366 873.491 -0.0898873 -0.230734 -0.240134 -0.409501 -0.133464 0.244439 2.73755 0.653201 0.363913 -0.143186 1.82566 0.428012 1.58894 1.2404 -0.317731 -0.497479 0.886259 1.87685 -0.713194 0.382239 0.103317 -0.100339 0.119909 -0.0445827 0.525346 
0.0760371 0.00376488 1.02249 53.6288 896.677 874.046 -0.0598354 -0.270749 -0.274362 -0.333187 -0.141413 0.225354 2.75657 0.670981 0.364481 -0.146262 1.81931 0.399775 1.57411 1.40373 -0.317542 -0.498183 0.888507 1.89961 -0.765651 0.411639 0.101467 -0.109442 0.113429 -0.0429145 0.507985 
0.127131 0.0217813 1.2039 10.8701 862.026 873.876 0.00855087 -0.274205 -0.306708 -0.307137 -0.13946 0.156489 2.75157 0.711744 0.359932 -0.157374 1.78296 0.351303 1.49987 1.60263 -0.320919 -0.507102 0.892996 1.90373 -0.894836 0.612484 0.123692 -0.161703 0.11307 -0.0175161 0.413332 
0.134369 0.0245431 1.23317 2.43407 858.131 872.007 0.0252395 -0.238173 -0.315314 -0.307256 -0.155393 0.15118 2.74746 0.716179 0.36047 -0.15881 1.78317 0.386894 1.5058 1.70982 -0.316098 -0.507377 0.892777 1.93461 -0.892257 0.608441 0.129037 -0.160426 0.113499 -0.0169896 0.417139 
0.132604 0.0329076 1.21625 -4.84221 846.792 867.544 0.0412095 -0.216502 -0.340016 -0.254667 -0.183435 0.134632 2.70133 0.677592 0.361306 -0.158744 1.78947 0.441416 1.49164 1.7939 -0.307044 -0.504517 0.887091 1.96049 -0.880932 0.578356 0.14224 -0.135106 0.118795 -0.0215453 0.431937 
0.134216 0.040987 1.21451 -12.7325 838.902 864.095 0.071671 -0.207461 -0.344633 -0.199846 -0.162963 0.132176 2.70675 0.593532 0.360015 -0.158574 1.79524 0.426903 1.46529 1.80948 -0.303628 -0.506093 0.885073 2.0017 -0.90764 0.554696 0.149323 -0.132554 0.109978 -0.0276032 0.450789 
0.134503 0.0435635 1.21103 -16.4988 835.184 863.211 0.1183 -0.258081 -0.35366 -0.187842 -0.158899 0.156888 2.73141 0.582139 0.360364 -0.156974 1.78175 0.409038 1.44339 1.81676 -0.306049 -0.505275 0.881653 2.03456 -0.936779 0.514959 0.154044 -0.138447 0.0784901 -0.0368225 0.462095 
0.133372 0.040236 1.23608 -20.5736 828.485 863.926 0.149818 -0.265323 -0.348692 -0.147281 -0.158093 0.165266 2.71505 0.603436 0.359186 -0.15872 1.76539 0.411205 1.47442 1.84758 -0.309015 -0.502551 0.884971 2.07414 -0.930977 0.523377 0.160626 -0.145022 0.0669953 -0.0327009 0.451403 
0.128709 0.0350849 1.26454 -17.4054 825.605 864.563 0.0975178 -0.174002 -0.329839 -0.391676 -0.16027 0.174338 2.69206 0.647166 0.352976 -0.161995 1.77116 0.42711 1.5351 1.96799 -0.312561 -0.496041 0.922056 2.14876 -0.79892 0.684274 0.167693 -0.172182 0.0573932 -0.0220919 0.347305 
0.143557 0.0332836 1.25397 -20.973 830.111 864.269 0.0816918 -0.219433 -0.313827 -0.541256 -0.15534 0.1855 2.62693 0.62109 0.349556 -0.160615 1.78877 0.469707 1.57102 1.99159 -0.317758 -0.492215 0.972494 2.2378 -0.658289 0.830673 0.162438 -0.152143 0.0470405 -0.0338928 0.258156 
0.184337 0.03566 1.33328 -37.876 829.798 863.307 0.244646 -0.676604 -0.234729 -0.495368 -0.0711906 0.215721 2.49678 0.509561 0.360866 -0.160342 1.82341 0.452318 1.4039 1.78514 -0.317679 -0.490193 0.961933 2.08522 -0.862617 0.392685 0.132449 -0.181998 0.0328753 -0.0826031 0.481473 
0.176092 0.0314087 1.35549 -32.8377 829.701 865.781 0.280809 -0.893445 -0.253333 -0.493266 -0.0742965 0.157385 2.50787 0.589384 0.368307 -0.162559 1.79488 0.455678 1.428 1.77087 -0.315457 -0.497837 0.971783 2.11763 -0.762367 0.23631 0.143085 -0.226796 0.0192397 -0.0868964 0.400514 
0.173226 0.029293 1.3577 -36.3598 827.483 867.173 0.284566 -0.951448 -0.269808 -0.373219 -0.0696805 0.138056 2.52609 0.589144 0.36901 -0.164956 1.78779 0.44735 1.44194 1.79876 -0.31531 -0.496435 0.97528 2.11205 -0.757398 0.194741 0.14801 -0.237277 0.00754159 -0.0914657 0.387423 
0.186632 0.0392692 1.40022 -44.8554 814.288 873.508 0.313449 -0.951358 -0.309945 -0.250273 -0.0502043 0.198429 2.56844 0.617252 0.369357 -0.165322 1.79703 0.475394 1.41453 1.83668 -0.311502 -0.491304 0.961169 2.09609 -0.714357 0.159241 0.154725 -0.262217 0.00931215 -0.0852137 0.424326 
0.205888 0.0458893 1.43196 -55.7042 808.938 877.521 0.337834 -0.955578 -0.377585 -0.177275 0.019565 0.259753 2.56853 0.695698 0.370001 -0.162498 1.80138 0.484234 1.4101 1.88023 -0.311316 -0.482457 0.953723 2.09782 -0.634884 0.131286 0.153827 -0.27972 0.00787523 -0.0835947 0.457864 
0.224979 0.0565237 1.48115 -78.332 780.781 880.229 0.36363 -0.947624 -0.390208 -0.0533401 0.0190602 0.288555 2.53637 0.650262 0.368839 -0.157619 1.77617 0.494723 1.41642 1.99234 -0.309328 -0.472438 0.941333 2.14645 -0.491351 0.050164 0.159016 -0.269064 -0.0172962 -0.0862708 0.478031 
0.0771956 0.0137521 0.981375 103.789 952.259 867.611 -0.101017 -0.219306 -0.134493 -0.144086 -0.16517 0.1667 2.73549 0.145059 0.360312 -0.141453 1.83405 0.326723 1.41059 0.900672 -0.331369 -0.512062 0.870151 1.71963 -0.699127 0.458718 0.0909527 -0.103746 0.141277 -0.0345461 0.385726 
0.0820777 0.0149904 0.948768 93.2902 970.093 866.455 -0.0593301 -0.301841 -0.0992126 -0.272476 -0.195739 0.0738758 2.76838 0.19594 0.358742 -0.144816 1.8402 0.357792 1.39958 0.957119 -0.33013 -0.51758 0.859795 1.75325 -0.707142 0.476424 0.0859014 -0.117252 0.128629 -0.0270636 0.360331 
0.0362209 0.007407 0.768132 91.0964 895.993 875.25 -0.114412 -0.108384 -0.066295 -0.443137 -0.444654 0.0945186 2.742 0.14791 0.367049 -0.157728 1.82522 0.361702 1.49773 0.910552 -0.333122 -0.510211 0.842655 1.77722 -0.682317 0.379442 0.0868389 -0.0875761 0.139162 -0.0229998 0.423342 
0.0391024 0.0126 0.634979 53.9595 855.487 868.345 -0.112136 -0.251235 -0.0683562 -0.369091 -0.623778 0.0801732 2.7136 0.122119 0.365193 -0.149048 1.82579 0.355211 1.44836 0.985297 -0.33406 -0.512874 0.840991 1.66584 -0.711899 0.469141 0.100361 -0.0715652 0.146019 -0.03681 0.357932 
0.0253071 0.0141325 0.735615 125.535 807.486 875.104 -0.15085 -0.1753 -0.0423005 -0.567973 -0.703477 0.0363448 2.66281 0.185234 0.372078 -0.153112 1.82644 0.359405 1.44154 0.881173 -0.332405 -0.50833 0.855998 1.89054 -0.656386 0.416916 0.0861329 -0.0355775 0.120612 -0.0134642 0.372993 
0.0489842 0.0182016 0.77856 152.275 702.094 878.074 -0.221356 -0.138186 -0.0181515 -0.600632 -0.768855 0.0506425 2.69163 0.255779 0.373164 -0.143322 1.81229 0.391649 1.43597 0.787851 -0.338849 -0.497643 0.867719 1.95231 -0.660574 0.448892 0.0959443 -0.0822219 0.0842786 -0.0122355 0.371941 
0.0251552 0.00418468 0.741937 168.383 614.605 877.321 -0.259178 -0.112996 -0.00533726 -0.533783 -0.741305 0.00166554 2.7417 0.190528 0.377339 -0.142645 1.79916 0.347765 1.37866 0.722471 -0.337988 -0.482938 0.865513 1.95999 -0.700806 0.419292 0.0999156 -0.172193 0.102785 -0.0107669 0.329756 
0.0195318 0.0063304 0.642023 198.538 559.246 874.365 -0.287367 -0.0849662 -0.00314346 -0.471435 -0.72087 0.00309607 2.74954 0.195254 0.378325 -0.141377 1.79707 0.348757 1.36024 0.719023 -0.341151 -0.480856 0.869531 1.95608 -0.697498 0.389387 0.103115 -0.201677 0.107687 -0.00931507 0.341143 
0.00505832 0.00344218 0.303674 209.565 523.252 871.327 -0.256407 0.0698337 0.0418792 -0.0763937 -0.686213 -0.0127017 2.66886 0.333279 0.384554 -0.137159 1.77702 0.292971 1.28079 0.661843 -0.348152 -0.491305 0.854841 1.94881 -0.595651 0.343075 0.106515 -0.220656 0.0828492 0.0143583 0.387081 
0.012799 0.00160861 0.0590108 204.582 468.775 872.064 -0.245605 0.0723327 0.022571 0.0584173 -0.757748 -0.0541788 2.6674 0.381087 0.382573 -0.140817 1.77464 0.288226 1.27499 0.593286 -0.345592 -0.49017 0.856813 1.93964 -0.551564 0.296767 0.100568 -0.203105 0.0889642 0.0228804 0.383977 
0.0350934 0.0223574 -0.0433235 217.704 391.258 872.432 -0.266507 0.0920709 0.0775895 -0.169538 -0.79296 -0.169287 2.57923 0.339763 0.380997 -0.134866 1.8048 0.259577 1.26079 0.725315 -0.352933 -0.491053 0.853237 1.85176 -0.547128 0.216917 0.0954181 -0.223663 0.06408 0.0524792 0.397629 
0.0526079 0.0170021 -0.236037 180.422 331.524 869.422 -0.268659 0.0681518 0.0630463 -0.106196 -0.800948 -0.232187 2.54417 0.436957 0.383094 -0.130206 1.80919 0.259298 1.28824 0.695784 -0.358191 -0.490697 0.836251 1.80231 -0.475005 0.171432 0.0867809 -0.254759 0.0609613 0.0575593 0.388346 
0.0526586 0.0128629 -0.293866 136.33 299.011 868.719 -0.29707 0.0255983 0.0434403 -0.238573 -0.733726 -0.266723 2.45684 0.468501 0.382702 -0.127342 1.80888 0.265995 1.37991 0.728365 -0.363407 -0.495661 0.839113 1.7924 -0.551502 0.122039 0.073732 -0.268183 0.0532705 0.0566187 0.423566 
0.0354278 0.0290582 -0.291644 60.8446 240.621 877.708 -0.347915 0.0226451 0.0554582 -0.321305 -0.713799 -0.223123 2.37306 0.565581 0.372177 -0.111258 1.81483 0.271364 1.57853 0.902176 -0.370256 -0.503465 0.887229 1.76537 -0.735156 0.0550208 0.0631143 -0.237233 0.0533886 0.035606 0.52092 
0.030611 0.0214167 -0.298502 1.5899 202.164 875.296 -0.392181 0.0369 0.117536 -0.434688 -0.693703 -0.15691 2.33327 0.666483 0.371164 -0.101258 1.792 0.273421 1.55544 0.852802 -0.365566 -0.499927 0.899103 1.76266 -0.785045 0.130384 0.0652508 -0.271187 0.0531037 0.0374548 0.528785 
0.0407751 0.0174033 -0.303177 -46.5292 170.757 872.665 -0.381495 0.0514264 0.139043 -0.382268 -0.666257 -0.0946233 2.29332 0.744426 0.370571 -0.0973208 1.79231 0.269055 1.52673 0.824739 -0.362363 -0.496326 0.911798 1.77566 -0.826962 0.160585 0.0581617 -0.291825 0.043049 0.0474202 0.534358 
0.0416471 0.0143717 -0.309551 -88.1445 147.54 871.769 -0.403494 0.00776901 0.113743 -0.221735 -0.603871 0.00624437 2.33908 0.540505 0.368884 -0.0983504 1.77557 0.262597 1.5373 0.836969 -0.354343 -0.486201 0.907681 1.78905 -0.858172 0.113889 0.046757 -0.299799 0.0401082 0.0519548 0.586902 
0.054331 0.0177884 -0.253633 -134.422 124.571 872.854 -0.377095 0.0285116 0.137648 -0.214109 -0.528239 0.0987958 2.37762 0.376582 0.364667 -0.0913043 1.78956 0.276126 1.51632 0.900117 -0.345204 -0.476373 0.910676 1.83672 -0.903372 0.10645 0.0335249 -0.3303 0.0458524 0.0661878 0.607503 
0.0634095 0.0172089 -0.277801 -154.328 123.044 872.904 -0.345056 0.058685 0.108753 -0.169021 -0.455693 0.0828544 2.36146 0.357072 0.367287 -0.0859675 1.79586 0.270272 1.52655 0.88765 -0.348058 -0.475396 0.911091 1.83646 -0.915668 0.100765 0.026205 -0.323546 0.051304 0.0678242 0.633266 
0.0839091 0.0102295 -0.321402 -171.91 130.211 872.996 -0.337306 0.0859353 0.131526 -0.0907382 -0.400275 0.0175414 2.37537 0.404131 0.366158 -0.0873303 1.82462 0.297111 1.55923 0.814337 -0.345314 -0.473553 0.916659 1.77869 -0.972032 0.170629 0.0184391 -0.289899 0.0480945 0.0829442 0.63581 
0.102149 -0.000486702 0.951272 167.6 844.285 868.216 -0.136048 -0.190359 -0.0510222 -0.0945654 -0.217588 0.164032 2.71799 0.0459365 0.364244 -0.142005 1.89968 0.297401 1.37709 0.905537 -0.326428 -0.517583 0.867847 1.78362 -0.739032 0.529626 0.084203 -0.0472238 0.130713 -0.0119968 0.404324 
0.0966664 -0.00263466 0.986192 191.638 777.406 867.354 -0.207473 -0.259858 -0.0343974 -0.205662 -0.279965 0.103795 2.62955 0.046714 0.363721 -0.142513 1.90092 0.276851 1.323 0.867075 -0.330003 -0.518276 0.897243 1.77211 -0.807351 0.515623 0.0843552 -0.0222526 0.126116 -0.00270476 0.429155 
0.079457 -0.00202373 0.940031 184.436 720.353 865.889 -0.224004 -0.272819 -0.0718508 -0.379872 -0.294098 0.0442293 2.59126 0.110715 0.363536 -0.143893 1.88411 0.280467 1.34848 0.852771 -0.333562 -0.52437 0.891124 1.69063 -0.89252 0.575897 0.0926504 -0.0306559 0.133189 -0.0118567 0.446083 
0.0743044 -0.0266723 0.706043 156.934 670.97 867.549 -0.213929 -0.274955 -0.0992252 -0.348781 -0.247146 0.0452328 2.51346 0.0841565 0.367252 -0.135515 1.82326 0.241924 1.40164 0.897476 -0.321707 -0.517452 0.878717 1.62044 -0.892307 0.566875 0.102618 -0.184851 0.10478 -0.029156 0.42734 
0.0713063 -0.0243712 0.569503 145.093 609.02 866.227 -0.221644 -0.256484 -0.0993431 -0.299326 -0.246961 0.0256399 2.50162 0.191411 0.366363 -0.133167 1.8247 0.272725 1.41839 0.892317 -0.319369 -0.520474 0.896293 1.5685 -0.905936 0.553314 0.0955278 -0.25007 0.103853 -0.0316435 0.424907 
0.0743222 -0.002253 0.352373 109.323 542.61 866.385 -0.193618 -0.209458 -0.0915565 -0.380193 -0.275738 0.0224674 2.41136 0.252819 0.366061 -0.141062 1.85736 0.321435 1.40724 0.849171 -0.330011 -0.53008 0.948849 1.64085 -0.910291 0.521962 0.0874115 -0.253891 0.0801376 -0.0439765 0.462005 
0.0770463 0.0153526 0.116476 53.0935 485.371 872.283 -0.200277 -0.150723 -0.102892 -0.43416 -0.307534 0.0149112 2.31261 0.268188 0.365166 -0.152826 1.88514 0.353364 1.38249 0.805704 -0.332071 -0.530447 1.00205 1.73922 -0.95865 0.493012 0.0874037 -0.255039 0.0589364 -0.0587779 0.521941 
0.0553922 0.0253928 0.0489128 -0.326078 445.798 877.664 -0.234179 -0.202141 -0.153597 -0.487491 -0.391972 -0.0848268 2.34777 0.245605 0.362644 -0.15203 1.90986 0.371604 1.31415 0.909381 -0.326142 -0.533991 1.03816 1.72782 -1.0121 0.545664 0.10294 -0.288739 0.0909183 -0.0618831 0.568108 
0.085253 0.0271427 -0.167395 -45.0985 342.048 876.604 -0.221131 -0.21929 -0.170585 -0.454681 -0.403135 0.0230657 2.11242 0.415484 0.358698 -0.155032 1.9232 0.417356 1.2821 0.896826 -0.338243 -0.527859 0.985341 1.68544 -1.11083 0.637479 0.105655 -0.249254 0.067616 -0.0296898 0.533874 
0.102149 0.0257199 -0.277553 -82.3974 308.617 874.756 -0.227617 -0.261818 -0.163986 -0.414672 -0.405807 0.0307018 2.09235 0.359172 0.359291 -0.153362 1.92259 0.400923 1.31078 0.89453 -0.334454 -0.526227 0.970904 1.65865 -1.17567 0.727298 0.106379 -0.244887 0.0630097 -0.0220625 0.516865 
0.115637 0.0198221 -0.271764 -108.248 305.525 873.288 -0.256798 -0.347891 -0.151925 -0.220728 -0.389298 0.0295077 2.07268 0.26686 0.362455 -0.157077 1.91023 0.412955 1.36485 0.836019 -0.332316 -0.522126 0.940284 1.60791 -1.29456 0.796678 0.10923 -0.226564 0.0490703 -0.0187033 0.484038 
0.12315 0.0167105 -0.273966 -128.334 297.775 872.739 -0.29757 -0.410685 -0.110825 -0.114367 -0.328622 0.0372361 2.07372 0.157224 0.363921 -0.160364 1.91054 0.403354 1.40849 0.831682 -0.33431 -0.515809 0.928876 1.58006 -1.36418 0.855961 0.110281 -0.22299 0.0502442 -0.00784108 0.457671 
0.119144 0.00273149 -0.263297 -151.651 288.618 874.854 -0.304438 -0.43244 -0.0391218 -0.0419453 -0.25023 0.0433735 2.12182 0.025358 0.359304 -0.156844 1.90158 0.312699 1.45974 0.822474 -0.330289 -0.521652 0.928324 1.56213 -1.37336 0.988873 0.110645 -0.225243 0.0261898 0.000675519 0.463747 
0.119735 0.000915368 -0.233606 -167.162 293.306 874.542 -0.309666 -0.417172 -0.0218095 0.00768995 -0.21293 0.0285995 2.17529 -0.0811794 0.357232 -0.154041 1.91157 0.269402 1.47089 0.863047 -0.327155 -0.520548 0.921373 1.56264 -1.4176 1.06332 0.113751 -0.244768 0.0230471 -0.00355209 0.493571 
0.115088 -0.000187845 -0.215644 -167.836 307.938 875.407 -0.317308 -0.416643 -0.0520066 0.0493787 -0.188028 0.0138525 2.15982 -0.192831 0.358521 -0.151727 1.93247 0.251198 1.46963 0.888993 -0.324651 -0.521359 0.912426 1.53604 -1.44612 1.10175 0.113469 -0.249407 0.0224905 -0.00225948 0.508767 
0.119501 0.0079392 -0.202419 -175.6 320.544 877.14 -0.327853 -0.380316 -0.0870208 0.0488851 -0.192853 0.0187499 2.12889 -0.237123 0.359518 -0.148827 1.93352 0.238812 1.44296 0.979732 -0.329498 -0.526148 0.90186 1.5281 -1.43622 1.09654 0.109502 -0.250498 0.0446095 -0.002231 0.535793 
0.141582 0.0311164 -0.136108 -191.43 341.198 882.822 -0.333898 -0.26779 -0.103184 -0.102849 -0.248186 0.0774707 2.07082 -0.167624 0.357285 -0.148073 1.94444 0.300859 1.35987 1.16926 -0.33264 -0.527954 0.848077 1.55951 -1.32266 1.05491 0.103665 -0.303774 0.092528 -0.00230892 0.540996 
0.140856 0.0390877 -0.125033 -200.447 360.621 883.958 -0.352915 -0.249306 -0.110765 -0.104882 -0.234643 0.111108 2.03539 -0.201904 0.356816 -0.147323 1.95101 0.326721 1.32884 1.22775 -0.329326 -0.529159 0.836435 1.58124 -1.29517 1.07976 0.101697 -0.335635 0.109571 0.00197682 0.554788 
0.142727 0.0458415 -0.164338 -200.147 383.775 887.499 -0.387138 -0.234645 -0.122867 -0.130391 -0.229742 0.12556 1.98874 -0.291008 0.357426 -0.144736 1.94826 0.351292 1.32452 1.20484 -0.334466 -0.527031 0.804907 1.60883 -1.2346 1.0787 0.0906408 -0.346179 0.123503 0.00420635 0.56961 
0.150051 0.0571771 -0.16988 -199.265 404.1 890.255 -0.407352 -0.220947 -0.147661 -0.128077 -0.239823 0.139516 1.91987 -0.339311 0.355195 -0.143279 1.96028 0.388962 1.31015 1.21993 -0.337175 -0.523743 0.762845 1.64365 -1.16025 1.08186 0.0776458 -0.335938 0.147575 0.00834246 0.58786 
0.0836902 0.0152985 0.971556 116.004 907.496 868.334 -0.144363 -0.209422 -0.130224 -0.20393 -0.10353 0.167765 2.77437 0.100212 0.362112 -0.143089 1.84571 0.312295 1.39785 0.852494 -0.334978 -0.509684 0.840234 1.68437 -0.756541 0.465342 0.0881292 -0.111613 0.155069 -0.0360531 0.39349 
