0.0914488 0.010628 0.943902 138.126 941.943 867.298 -0.107387 -0.190139 -0.135812 -0.0980456 -0.155748 0.196731 2.7192 0.0769773 0.361706 -0.141913 1.84483 0.313558 1.389 0.861496 -0.333153 -0.512412 0.853932 1.7145 -0.726521 0.46184 0.0950111 -0.0936433 0.140949 -0.0307224 0.385633 
0.0946269 0.00840535 0.929322 150.187 945.193 867.675 -0.109806 -0.195193 -0.146735 -0.115599 -0.14942 0.192761 2.70709 0.0961073 0.361428 -0.142847 1.84531 0.3153 1.38635 0.867391 -0.334126 -0.511903 0.846169 1.70867 -0.730931 0.471584 0.0946997 -0.0893229 0.139397 -0.0295727 0.377986 
0.098898 0.00458969 0.897408 162.254 948.111 867.328 -0.113741 -0.206319 -0.151233 -0.138919 -0.142018 0.188216 2.70461 0.120398 0.361914 -0.142122 1.84303 0.319994 1.3794 0.891392 -0.336077 -0.512157 0.837431 1.69872 -0.741003 0.455329 0.0961224 -0.072866 0.139365 -0.0232742 0.381885 
0.100623 0.00272222 0.861574 174.793 950.44 866.953 -0.116842 -0.212943 -0.168841 -0.158602 -0.129614 0.186693 2.6793 0.138133 0.365054 -0.142503 1.84028 0.323975 1.36653 0.935174 -0.339542 -0.509564 0.825252 1.68766 -0.766733 0.422851 0.0934212 -0.0442472 0.137452 -0.0173158 0.359348 
0.105576 0.00286224 0.823823 186.868 950.896 866.645 -0.117897 -0.211971 -0.191394 -0.162355 -0.121299 0.18953 2.67575 0.150529 0.363558 -0.14192 1.84382 0.327744 1.37401 0.95525 -0.341993 -0.510107 0.814349 1.66838 -0.76352 0.398551 0.0920493 -0.018976 0.138424 -0.0156415 0.348626 
0.110654 0.000816119 0.77736 198.504 952.404 865.975 -0.125059 -0.220755 -0.210353 -0.1564 -0.111962 0.191404 2.69079 0.162881 0.363152 -0.140536 1.84336 0.343354 1.35517 0.952351 -0.345595 -0.510387 0.806564 1.65977 -0.771711 0.376462 0.0918714 0.00672344 0.13655 -0.0140082 0.320857 
0.115717 0.00157002 0.713868 211.349 954.366 865.829 -0.13624 -0.229427 -0.194702 -0.151786 -0.10505 0.188829 2.68388 0.176286 0.365652 -0.136381 1.85827 0.365964 1.32735 0.905679 -0.346086 -0.510499 0.783267 1.65791 -0.793824 0.358019 0.0962245 0.0391353 0.122988 -0.0156954 0.290915 
0.117904 -0.00298509 0.670061 226.782 957.04 865.193 -0.137471 -0.225474 -0.179157 -0.188601 -0.0967039 0.174444 2.67509 0.199613 0.368127 -0.131772 1.87552 0.388439 1.27016 0.860349 -0.348595 -0.508792 0.760832 1.66102 -0.794754 0.325124 0.101429 0.0660437 0.119156 -0.0209459 0.26556 
0.125623 -0.0110811 0.671267 240.502 957.864 864.184 -0.134118 -0.169832 -0.202125 -0.333687 -0.091427 0.15272 2.72888 0.170933 0.372196 -0.137175 1.85974 0.408466 1.22123 0.86753 -0.350817 -0.504872 0.748918 1.66459 -0.831966 0.316803 0.105391 0.0174388 0.117176 -0.0197078 0.275905 
0.131405 -0.0182336 0.680483 258.2 960.415 863.605 -0.127773 -0.0811486 -0.244414 -0.5866 -0.084183 0.126087 2.77692 0.139974 0.378005 -0.153807 1.8039 0.43518 1.21325 0.933045 -0.354298 -0.497922 0.737474 1.6635 -0.876674 0.300461 0.107056 -0.0455361 0.126463 -0.0201437 0.330508 
0.131168 -0.0211452 0.677795 273.103 959.687 864.394 -0.106971 -0.0180515 -0.229153 -0.756388 -0.0719276 0.105986 2.79413 0.147398 0.38044 -0.168215 1.79507 0.472701 1.19567 0.9797 -0.36177 -0.500211 0.719599 1.66114 -0.889828 0.277877 0.105526 -0.0754073 0.119496 -0.018496 0.383217 
0.137398 -0.0240504 0.692913 284.277 957.906 864.654 -0.0894706 0.0111964 -0.20731 -0.833558 -0.075038 0.0900326 2.74933 0.164042 0.381837 -0.173445 1.80327 0.501767 1.19359 1.02735 -0.372187 -0.506147 0.702964 1.64854 -0.87367 0.25298 0.102404 -0.0943554 0.106935 -0.0175369 0.432473 
0.141992 -0.0234248 0.693832 294.656 956.422 864.839 -0.0744314 0.0377593 -0.195417 -0.874677 -0.0709516 0.0922005 2.73516 0.179326 0.381755 -0.172709 1.81069 0.51327 1.20993 1.08662 -0.377067 -0.509641 0.695841 1.61811 -0.855273 0.255554 0.0986758 -0.100368 0.109517 -0.0203331 0.458265 
0.141856 -0.0210232 0.690092 303.873 954.432 864.683 -0.0588006 0.0604326 -0.187179 -0.866048 -0.0589237 0.0955649 2.74487 0.181502 0.381338 -0.17306 1.82169 0.520048 1.22464 1.14141 -0.378295 -0.510381 0.693123 1.60096 -0.867449 0.271349 0.0929398 -0.111164 0.108421 -0.0227567 0.481046 
0.135499 -0.0183671 0.662088 314.71 952.032 865.444 -0.0384909 0.071062 -0.187566 -0.820357 -0.0326391 0.095848 2.78614 0.180452 0.382679 -0.172964 1.84132 0.532802 1.22114 1.17125 -0.376826 -0.510215 0.683652 1.58237 -0.910425 0.285483 0.0904268 -0.110217 0.106127 -0.0298757 0.485304 
0.127432 -0.0185386 0.643883 326.582 947.763 865.54 -0.0155469 0.0807366 -0.192755 -0.776734 -0.00911214 0.0923346 2.82326 0.193313 0.38611 -0.173446 1.85562 0.544184 1.19947 1.19416 -0.378754 -0.514096 0.674881 1.56594 -0.968403 0.297917 0.0929643 -0.110777 0.103236 -0.0314248 0.488801 
0.128449 -0.0233002 0.620582 338.321 947.803 865.383 -0.00873283 0.0648936 -0.218186 -0.691519 0.00452946 0.0846767 2.82712 0.176448 0.387627 -0.172874 1.86557 0.569927 1.18058 1.21138 -0.383369 -0.519309 0.671952 1.55848 -1.01094 0.304181 0.0972556 -0.105712 0.103651 -0.0313316 0.480201 
0.126616 -0.0263439 0.591644 349.817 949.631 865.371 -0.00735144 0.0502404 -0.244622 -0.596325 0.0164568 0.0650051 2.8081 0.17175 0.386736 -0.173209 1.87211 0.595682 1.18455 1.24 -0.386622 -0.520782 0.669317 1.54738 -1.07842 0.284928 0.0960537 -0.0932013 0.102122 -0.033468 0.466522 
0.123856 -0.0263461 0.578149 357.027 947.593 865.093 -0.0133302 0.0678913 -0.261862 -0.542688 0.0255966 0.0632313 2.8315 0.160125 0.388729 -0.169971 1.89147 0.59487 1.18324 1.22644 -0.387178 -0.518734 0.667279 1.54505 -1.0994 0.294134 0.100269 -0.107264 0.0987358 -0.0352292 0.464122 
0.120599 -0.0256911 0.537322 364.817 949.18 862.896 -0.0188184 0.138897 -0.244601 -0.628428 0.0299624 0.071084 2.83389 0.184004 0.390846 -0.166606 1.91745 0.579703 1.17619 1.19821 -0.389118 -0.517853 0.672683 1.54506 -1.11018 0.298833 0.107203 -0.110518 0.100521 -0.0374091 0.477455 
0.122098 -0.0305777 0.482083 378.322 956.445 860.054 -0.0263536 0.242054 -0.210198 -0.776687 0.0270312 0.0418107 2.82954 0.20284 0.393384 -0.158154 1.93167 0.608404 1.10522 1.22396 -0.385683 -0.525299 0.661905 1.54956 -1.17906 0.263107 0.0998502 -0.080956 0.0880966 -0.059285 0.471945 
0.124762 -0.0373384 0.430223 393.764 964.607 857.952 -0.0379096 0.263694 -0.227252 -0.766353 0.0223033 0.00862958 2.8474 0.21164 0.395093 -0.155173 1.93862 0.646381 1.04959 1.24787 -0.380161 -0.530771 0.648133 1.55085 -1.2023 0.207961 0.0928968 -0.053684 0.0761348 -0.0802041 0.430023 
0.12288 -0.0405815 0.3878 405.04 965.547 857.765 -0.0343688 0.263666 -0.22656 -0.691761 0.0241218 -0.0317356 2.84724 0.195556 0.394811 -0.150141 1.95331 0.683783 0.972428 1.27326 -0.377623 -0.542588 0.63126 1.55205 -1.27638 0.167151 0.0873276 -0.0293007 0.0680972 -0.0984931 0.382427 
0.1176 -0.0445344 0.345215 415.193 964.617 858.1 -0.0272175 0.266205 -0.223348 -0.621161 0.0285609 -0.0703522 2.84196 0.168239 0.395862 -0.140769 1.96902 0.722465 0.893423 1.27486 -0.380313 -0.555677 0.62143 1.54223 -1.36977 0.13234 0.0862634 -0.00260874 0.0540101 -0.113533 0.35768 
0.11316 -0.0482016 0.289246 425.124 966.712 858.171 -0.0261264 0.260219 -0.244136 -0.541047 0.030682 -0.0872843 2.85381 0.174643 0.398655 -0.13717 1.98652 0.739712 0.859928 1.2638 -0.381983 -0.559878 0.622193 1.52386 -1.41328 0.0962039 0.0924171 0.0262034 0.0488188 -0.118251 0.339363 
0.108679 -0.0524643 0.22664 436.568 969.742 858.797 -0.0278875 0.24937 -0.253713 -0.461382 0.0260803 -0.093659 2.81585 0.215091 0.40264 -0.135562 2.00277 0.712416 0.827852 1.23774 -0.384241 -0.559388 0.627992 1.4929 -1.43257 0.0473737 0.0984752 0.0513514 0.045456 -0.116875 0.314242 
0.102969 -0.0546495 0.177462 444.126 970.693 858.578 -0.0336114 0.253312 -0.257752 -0.400731 0.0218729 -0.102949 2.78763 0.230892 0.405787 -0.136891 2.01808 0.677817 0.795458 1.22517 -0.384881 -0.555879 0.636318 1.46364 -1.44276 -0.0126252 0.107755 0.0685025 0.0382612 -0.116669 0.30331 
0.0984703 -0.0560672 0.111801 452.51 972.347 857.965 -0.0332839 0.242464 -0.238194 -0.321739 0.0145515 -0.121813 2.76214 0.224174 0.4062 -0.136013 2.01827 0.669042 0.770906 1.21278 -0.385159 -0.553487 0.645568 1.45989 -1.44734 -0.0588343 0.112392 0.0935999 0.0298688 -0.120621 0.263368 
0.0987907 -0.0598553 0.0640855 459.549 973.215 857.761 -0.0328079 0.228512 -0.223053 -0.24429 0.00723946 -0.136396 2.74691 0.197904 0.406653 -0.135722 2.01066 0.657508 0.753305 1.20206 -0.38627 -0.551663 0.649367 1.45836 -1.47184 -0.0922708 0.111907 0.106791 0.022021 -0.12754 0.246767 
0.0953141 -0.0607581 0.0436693 467.422 971.557 858.342 -0.0329185 0.230171 -0.218522 -0.197533 0.00851121 -0.140921 2.73158 0.180907 0.407947 -0.136045 2.01993 0.63532 0.728018 1.20962 -0.385353 -0.552826 0.651062 1.4434 -1.47637 -0.113163 0.11006 0.0966449 0.0256502 -0.125462 0.246185 
0.0953007 -0.0635735 0.0254593 472.822 970.908 859.383 -0.0407264 0.232602 -0.225829 -0.150068 0.000385144 -0.147323 2.69703 0.173617 0.408989 -0.135551 2.02237 0.629845 0.693536 1.23235 -0.384556 -0.550485 0.660038 1.45115 -1.44827 -0.124191 0.110806 0.0810391 0.0296941 -0.133233 0.229773 
0.0946293 -0.0654958 0.0189723 476.491 969.964 860.615 -0.0506988 0.242732 -0.277485 -0.0969338 0.000350661 -0.144927 2.68528 0.185597 0.408753 -0.134445 2.03466 0.6223 0.689196 1.25888 -0.384167 -0.550383 0.669897 1.45712 -1.37973 -0.134454 0.112844 0.0711269 0.033681 -0.138981 0.228526 
0.0892205 -0.0649985 0.00147479 480.813 968.802 861.734 -0.0561332 0.247076 -0.318446 -0.0546403 0.00180938 -0.145191 2.67922 0.176852 0.410017 -0.136471 2.03613 0.614387 0.670461 1.2876 -0.383108 -0.550492 0.678415 1.46985 -1.32188 -0.143736 0.117177 0.0606973 0.0387538 -0.1436 0.232444 
0.0866573 -0.0637012 -0.00472013 483.793 966.92 862.304 -0.0693075 0.256282 -0.338413 -0.0154058 0.00919712 -0.15023 2.67718 0.159195 0.409306 -0.135754 2.04577 0.608529 0.662746 1.29786 -0.381257 -0.551351 0.680019 1.4606 -1.33636 -0.119777 0.118634 0.0406918 0.0384122 -0.148148 0.231883 
0.0817475 -0.0635628 -0.00715519 488.432 966.258 862.895 -0.0889186 0.264825 -0.396036 0.0173949 0.0141468 -0.14779 2.67147 0.164931 0.408418 -0.133893 2.07606 0.602619 0.646174 1.29444 -0.379613 -0.554528 0.681004 1.43761 -1.35542 -0.100896 0.119148 0.0315669 0.03131 -0.151411 0.239277 
0.077151 -0.0620501 -0.0248417 492.763 964.706 863.322 -0.0974961 0.264154 -0.419796 0.04289 0.0205602 -0.144789 2.67474 0.161763 0.410565 -0.134642 2.08755 0.58816 0.641001 1.28597 -0.379764 -0.55389 0.682563 1.43951 -1.35583 -0.0875222 0.123985 0.0302466 0.0350884 -0.157848 0.243574 
0.0762071 -0.0646351 -0.0683481 499.329 964.496 864.074 -0.10503 0.249119 -0.403122 0.0646431 0.0166906 -0.143183 2.68485 0.177701 0.412534 -0.135842 2.08747 0.610091 0.636924 1.28622 -0.380202 -0.549363 0.677881 1.45178 -1.35688 -0.0930097 0.129481 0.0382081 0.042181 -0.161765 0.266351 
0.0723768 -0.0679824 -0.11265 506.272 962.836 865.345 -0.109379 0.237585 -0.387725 0.0643223 0.0142813 -0.150486 2.69677 0.185064 0.413564 -0.135552 2.0842 0.63319 0.627375 1.27762 -0.380152 -0.545267 0.678098 1.46143 -1.37499 -0.0947126 0.134745 0.0403818 0.0481763 -0.164128 0.244026 
0.0634235 -0.065305 -0.139383 512.848 961.81 868.2 -0.116781 0.242631 -0.399654 0.0376574 0.0225184 -0.15861 2.68652 0.163995 0.416351 -0.134236 2.08627 0.667117 0.600324 1.27607 -0.383318 -0.54892 0.681304 1.44243 -1.37941 -0.082062 0.14101 0.030876 0.044549 -0.164774 0.239229 
0.0529385 -0.0655194 -0.158242 517.338 958.965 870.205 -0.117937 0.239072 -0.433459 0.00266588 0.0376718 -0.168029 2.68665 0.148128 0.417808 -0.134161 2.08132 0.692731 0.576508 1.27393 -0.383765 -0.556362 0.678024 1.39864 -1.38747 -0.0669079 0.1467 0.00779739 0.0341505 -0.165004 0.229687 
0.046723 -0.068441 -0.190036 527.922 956.46 870.597 -0.117922 0.219231 -0.410841 -0.0154366 0.038397 -0.176212 2.69893 0.163747 0.419154 -0.134631 2.07129 0.736614 0.567163 1.27874 -0.382303 -0.557914 0.678317 1.36378 -1.3847 -0.0537631 0.150072 0.00169215 0.0345059 -0.167626 0.232572 
0.0365972 -0.0728834 -0.20088 536.848 951.476 872.077 -0.111939 0.197635 -0.449315 -0.0203099 0.058114 -0.185256 2.69205 0.166809 0.419165 -0.133657 2.08518 0.744563 0.562084 1.26014 -0.378927 -0.5634 0.678782 1.28636 -1.34694 -0.0203278 0.156933 -0.00745605 0.0228303 -0.170158 0.208413 
0.0245118 -0.079195 -0.19274 545.809 947.343 874.174 -0.102512 0.171822 -0.517685 0.00392374 0.0698206 -0.201118 2.65983 0.176877 0.420055 -0.132477 2.12023 0.714376 0.578886 1.19019 -0.373003 -0.569315 0.688203 1.20291 -1.27612 0.0254329 0.17215 -0.0224259 0.00654976 -0.181262 0.124892 
0.00747292 -0.0874941 -0.230861 559.961 940.869 875.738 -0.0865283 0.148203 -0.531939 -0.0186662 0.0790166 -0.212424 2.64814 0.209306 0.420701 -0.133965 2.13799 0.715091 0.575978 1.132 -0.371274 -0.568289 0.698314 1.14667 -1.25788 0.0443628 0.182351 0.00219765 -0.0152882 -0.201898 0.0398503 
-0.0075075 -0.0930819 -0.271016 572.737 934.995 877.537 -0.0616093 0.127766 -0.536884 -0.0192837 0.089875 -0.228271 2.66546 0.226229 0.421243 -0.132596 2.1541 0.750144 0.562899 1.11842 -0.369711 -0.567134 0.704768 1.11316 -1.22234 0.0551426 0.188737 0.0220745 -0.0337062 -0.225374 -0.0309523 
-0.0164731 -0.0959438 -0.294416 585.867 930.155 877.713 -0.0529623 0.122358 -0.545223 -0.0445891 0.0961435 -0.247179 2.68297 0.221893 0.421174 -0.13207 2.15861 0.781022 0.561438 1.1001 -0.367254 -0.56775 0.703159 1.10079 -1.18751 0.0657842 0.193498 0.0264413 -0.039516 -0.233153 -0.0579837 
-0.0202428 -0.0935576 -0.307444 601.37 923.56 877.046 -0.0419157 0.11658 -0.549518 -0.0494954 0.107646 -0.269155 2.68612 0.197136 0.422677 -0.131511 2.17141 0.80122 0.563543 1.09255 -0.365503 -0.568273 0.703244 1.09462 -1.19854 0.0787393 0.194151 0.0237864 -0.0343107 -0.232497 -0.0562711 
-0.0220122 -0.0930685 -0.323528 617.484 917.544 876.316 -0.0353939 0.100575 -0.525339 -0.0559804 0.111169 -0.307751 2.65585 0.148685 0.422903 -0.131338 2.18097 0.828976 0.568155 1.08026 -0.364891 -0.565729 0.715119 1.08366 -1.23137 0.11343 0.196171 0.0311502 -0.0340475 -0.230345 -0.0640172 
-0.026838 -0.0934154 -0.352671 633.461 910.621 876.308 -0.0221174 0.0744221 -0.527961 -0.0307033 0.109576 -0.320796 2.65762 0.147121 0.423115 -0.127611 2.17735 0.858299 0.600051 1.08989 -0.366015 -0.565616 0.729707 1.09956 -1.26505 0.164582 0.195993 0.0490515 -0.0324289 -0.230393 -0.0828325 
-0.027648 -0.0954296 -0.37018 650.811 905.463 875.295 -0.0208827 0.0519835 -0.523131 -0.0394308 0.100348 -0.342296 2.6617 0.141831 0.423034 -0.124161 2.18078 0.874521 0.628509 1.09399 -0.3639 -0.567735 0.738276 1.1064 -1.27822 0.171088 0.193883 0.0504408 -0.0350089 -0.232855 -0.098157 
-0.0266852 -0.0947925 -0.371421 669.191 901.289 876.25 -0.0301204 0.0416425 -0.522384 -0.07993 0.105037 -0.350971 2.68681 0.134264 0.423548 -0.121596 2.19198 0.882225 0.643939 1.07304 -0.362394 -0.568317 0.745116 1.12076 -1.28137 0.168564 0.189652 0.0403786 -0.0373538 -0.230161 -0.100822 
-0.0244771 -0.090885 -0.36463 684.852 899.928 876.296 -0.0468634 0.0394171 -0.525817 -0.103484 0.0984068 -0.340693 2.70435 0.146314 0.42287 -0.119683 2.2103 0.900089 0.650848 1.0302 -0.358171 -0.57014 0.752847 1.14122 -1.29247 0.182045 0.184702 0.0288986 -0.0444013 -0.226591 -0.104104 
-0.0224917 -0.0909145 -0.350804 700.454 896.484 876.773 -0.0610943 0.0352214 -0.51625 -0.147979 0.0872899 -0.331712 2.72229 0.170087 0.422928 -0.116981 2.22707 0.922298 0.641269 0.996475 -0.355328 -0.56945 0.75216 1.13113 -1.29045 0.179412 0.184486 0.00959876 -0.050283 -0.226959 -0.0915056 
-0.0189525 -0.0966014 -0.334242 714.607 893.946 877.26 -0.0729275 0.021644 -0.514102 -0.170124 0.0762925 -0.332794 2.76193 0.202463 0.42194 -0.113428 2.23037 0.95926 0.650102 0.962628 -0.353343 -0.56702 0.744076 1.14222 -1.24401 0.171013 0.191623 -0.0075693 -0.0574013 -0.219277 -0.0881585 
-0.0199902 -0.101004 -0.348969 727.691 888.632 877.209 -0.0793772 0.00785951 -0.515097 -0.195615 0.0677731 -0.326899 2.80728 0.244589 0.421487 -0.111683 2.22963 0.992661 0.664912 0.950561 -0.353971 -0.565767 0.739154 1.1586 -1.21757 0.161169 0.194405 -0.0132094 -0.0594191 -0.216799 -0.0983488 
-0.0239052 -0.104094 -0.355298 740.342 881.692 877.419 -0.0753588 -0.0066322 -0.521226 -0.207524 0.0680988 -0.306945 2.85068 0.31466 0.417396 -0.11249 2.22199 1.02003 0.696127 0.968986 -0.357158 -0.562746 0.722171 1.17841 -1.2039 0.137343 0.195339 -0.0125799 -0.0564592 -0.208788 -0.106882 
-0.0282502 -0.102444 -0.405756 753.096 873.837 879.13 -0.0688197 -0.0333997 -0.52322 -0.211308 0.0410649 -0.258922 2.81926 0.43132 0.409599 -0.113633 2.2177 1.05878 0.707032 0.921441 -0.364503 -0.55845 0.707497 1.21004 -1.2037 0.101396 0.181507 0.0224024 -0.044356 -0.205643 -0.142798 
-0.027043 -0.0982914 -0.438312 761.841 868.313 880.859 -0.0724252 -0.0411421 -0.512777 -0.227383 0.0115083 -0.21942 2.76319 0.505176 0.407096 -0.111904 2.22229 1.08664 0.711812 0.837366 -0.367706 -0.553277 0.703023 1.24112 -1.22038 0.0805521 0.171266 0.0267815 -0.0281214 -0.21016 -0.174775 
-0.0289771 -0.0915879 -0.473443 768.957 863.51 881.054 -0.0783479 -0.0359585 -0.502299 -0.266166 -0.0131095 -0.185842 2.70507 0.547524 0.407087 -0.109331 2.23293 1.08435 0.703683 0.780612 -0.370813 -0.550522 0.712245 1.23754 -1.26819 0.0655938 0.164798 0.0336949 -0.0137989 -0.217406 -0.182808 
-0.0371252 -0.0831797 -0.486345 774.873 858.051 879.993 -0.0746121 -0.0234555 -0.483276 -0.30102 -0.0259352 -0.148532 2.64803 0.587333 0.408598 -0.109268 2.24811 1.06366 0.710728 0.768423 -0.373694 -0.552578 0.719546 1.23409 -1.29411 0.0747734 0.157623 0.0374612 -0.0142498 -0.227212 -0.197471 
-0.0473942 -0.0845358 -0.513779 782.995 849.765 878.785 -0.0619381 -0.0413593 -0.492057 -0.305108 -0.0316612 -0.113441 2.65744 0.612925 0.406742 -0.106214 2.25129 1.08219 0.71772 0.782142 -0.374638 -0.554716 0.711455 1.25735 -1.30531 0.0759652 0.159622 0.0515903 -0.0271244 -0.218418 -0.220607 
-0.0550872 -0.0895678 -0.534767 791.19 841.417 877.803 -0.0487792 -0.0637265 -0.505343 -0.274612 -0.0314807 -0.0837395 2.67522 0.565295 0.40538 -0.103629 2.25041 1.10723 0.722815 0.810398 -0.372795 -0.557505 0.705081 1.26658 -1.25671 0.0855388 0.163849 0.0617066 -0.0485647 -0.207602 -0.241597 
-0.0607744 -0.101211 -0.55405 797.259 829.288 878.13 -0.031392 -0.0943014 -0.526382 -0.240038 -0.0142238 -0.0805937 2.72822 0.487273 0.402362 -0.109699 2.23456 1.1382 0.717387 0.846183 -0.367215 -0.55865 0.703047 1.2658 -1.14554 0.119706 0.176329 0.0639676 -0.0603784 -0.189536 -0.238067 
-0.0625686 -0.0989357 -0.551357 803.073 819.21 878.691 -0.019162 -0.0937598 -0.514462 -0.236233 0.000852181 -0.0677095 2.76406 0.400107 0.399503 -0.110513 2.22205 1.15236 0.721515 0.839221 -0.366925 -0.558042 0.695638 1.27805 -1.15621 0.137899 0.171991 0.0688087 -0.0552297 -0.19223 -0.222843 
-0.0630143 -0.0896593 -0.568994 806.816 812.795 879.248 -0.0150057 -0.0928579 -0.49985 -0.231618 0.00512981 -0.0302416 2.75855 0.343213 0.39818 -0.107733 2.22799 1.15393 0.733033 0.806492 -0.367203 -0.557599 0.678371 1.29151 -1.25352 0.132619 0.165445 0.0784009 -0.0454506 -0.195967 -0.20092 
-0.0611188 -0.0839664 -0.556914 813.335 807.142 878.449 -0.0202829 -0.105345 -0.494185 -0.241912 0.00418865 0.0125524 2.7488 0.283589 0.399545 -0.110868 2.24253 1.14986 0.74442 0.802515 -0.369335 -0.55824 0.677191 1.29163 -1.25183 0.110898 0.165462 0.076517 -0.0502056 -0.196228 -0.200557 
-0.0574794 -0.0821941 -0.551166 819.976 803.1 877.132 -0.0371939 -0.122181 -0.519106 -0.234874 -0.00384392 0.0536031 2.74164 0.203126 0.399706 -0.120774 2.24388 1.16017 0.755274 0.837757 -0.370292 -0.559404 0.690187 1.28445 -1.23813 0.124628 0.168725 0.0700495 -0.0685169 -0.190059 -0.205818 
-0.04927 -0.0780767 -0.562851 826.082 797.875 875.879 -0.0468342 -0.13319 -0.528399 -0.209428 -0.0127098 0.0882917 2.72498 0.142474 0.399048 -0.122218 2.24607 1.18345 0.74219 0.884949 -0.367924 -0.563451 0.69482 1.29236 -1.21645 0.1596 0.167364 0.0645248 -0.0726799 -0.18335 -0.239165 
-0.0437104 -0.0703474 -0.574606 831.506 794.183 873.345 -0.0499995 -0.139118 -0.509186 -0.20631 -0.0223695 0.117954 2.68637 0.0965129 0.399522 -0.115831 2.24911 1.18618 0.753972 0.987162 -0.370298 -0.561694 0.712777 1.29683 -1.26862 0.154026 0.161118 0.0866051 -0.074539 -0.187706 -0.291462 
-0.0367514 -0.062632 -0.584399 836.48 789.388 871.812 -0.0502558 -0.147591 -0.479825 -0.193236 -0.0307877 0.147014 2.65442 0.0374224 0.398853 -0.112287 2.24949 1.18693 0.765075 1.06518 -0.372256 -0.559508 0.726634 1.30802 -1.31249 0.123262 0.156561 0.110486 -0.077218 -0.194497 -0.314058 
-0.0282068 -0.0542006 -0.596026 842.433 783.501 870.701 -0.0488895 -0.162002 -0.462941 -0.174567 -0.0330294 0.167002 2.62299 -0.0197764 0.400268 -0.110219 2.24249 1.18843 0.77754 1.09909 -0.375978 -0.554473 0.732602 1.33372 -1.41288 0.0804028 0.148986 0.124821 -0.0784736 -0.20786 -0.348064 
-0.0248063 -0.0455332 -0.592858 847.112 774.444 869.375 -0.0369771 -0.171091 -0.433222 -0.158089 -0.0308784 0.18453 2.56881 -0.0662268 0.402052 -0.104365 2.23989 1.19141 0.802338 1.1153 -0.379712 -0.55191 0.737214 1.36095 -1.49871 0.0129264 0.13935 0.130359 -0.077553 -0.218539 -0.351301 
-0.0191926 -0.0299487 -0.591718 850.913 766.109 867.05 -0.0308703 -0.168549 -0.417301 -0.149903 -0.0256844 0.214857 2.51387 -0.0871452 0.405859 -0.0953889 2.23964 1.18673 0.832206 1.09307 -0.387666 -0.546199 0.736192 1.3661 -1.79118 -0.114268 0.123124 0.116428 -0.0746811 -0.254508 -0.377392 
-0.0121674 -0.0208902 -0.593817 855.648 755.12 866.255 -0.028006 -0.170156 -0.405616 -0.146171 -0.020276 0.231456 2.50553 -0.0908016 0.407527 -0.0941045 2.24012 1.18831 0.851962 1.078 -0.391354 -0.543769 0.732983 1.36188 -1.90661 -0.186005 0.113914 0.12382 -0.079246 -0.266317 -0.389708 
-0.00515498 -0.0217937 -0.605876 864.483 743.419 866.22 -0.0276223 -0.191561 -0.394816 -0.137041 -0.0125289 0.22418 2.50165 -0.10992 0.408058 -0.0951394 2.24596 1.21213 0.841905 1.08082 -0.390092 -0.545559 0.734648 1.36012 -1.90109 -0.196544 0.115281 0.142674 -0.0843002 -0.262706 -0.371176 
8.59599e-05 -0.0199803 -0.604901 870.222 730.208 866.938 -0.0237654 -0.203428 -0.382835 -0.138053 0.000347049 0.210726 2.49966 -0.127258 0.40878 -0.0942047 2.25863 1.21387 0.882659 1.08438 -0.390985 -0.546655 0.732758 1.35285 -1.97283 -0.222057 0.115699 0.158278 -0.0891735 -0.266335 -0.354623 
0.00266454 -0.0219855 -0.611584 879.931 715.469 866.633 -0.0153078 -0.226827 -0.34859 -0.122759 0.0113613 0.193216 2.47521 -0.141791 0.410199 -0.0946004 2.26045 1.20597 0.905549 1.10801 -0.392584 -0.546309 0.736522 1.33443 -2.00215 -0.200304 0.116692 0.175129 -0.0941245 -0.261774 -0.340989 
0.0106665 -0.0135753 -0.606053 884.323 703.118 866.612 -0.0145898 -0.222244 -0.312449 -0.130128 0.00806402 0.199725 2.38122 -0.117676 0.412293 -0.0942036 2.26424 1.16347 0.948426 1.14314 -0.396383 -0.546685 0.748205 1.34511 -2.16545 -0.279127 0.107056 0.17759 -0.0991129 -0.274665 -0.35112 
0.0187455 -0.00728382 -0.601627 891.414 688.807 865.026 -0.0137232 -0.221943 -0.286081 -0.151079 0.00369787 0.201946 2.31341 -0.112868 0.415085 -0.0925257 2.27143 1.15341 0.9579 1.17571 -0.397765 -0.548062 0.763245 1.35947 -2.2256 -0.342166 0.0975783 0.171199 -0.109647 -0.2753 -0.366646 
0.0237675 -0.00988892 -0.602357 899.608 672.127 864.816 -0.0105579 -0.23117 -0.276553 -0.169276 -0.000992605 0.193938 2.31323 -0.0945152 0.413361 -0.0951923 2.26899 1.17153 0.96075 1.21113 -0.396602 -0.547716 0.765615 1.35173 -2.21408 -0.382761 0.0962057 0.162954 -0.119536 -0.27156 -0.385223 
0.0260948 -0.0233603 -0.608457 911.648 651.94 864.042 -0.0116652 -0.258666 -0.295889 -0.17412 -0.00466851 0.165648 2.32815 -0.0708858 0.411439 -0.096005 2.25705 1.20864 0.905016 1.21318 -0.39715 -0.544234 0.767746 1.33508 -2.16551 -0.354677 0.100887 0.166313 -0.136156 -0.265398 -0.401305 
0.0243054 -0.0416114 -0.637579 920.986 627.679 864.546 -0.0060875 -0.293438 -0.331071 -0.192727 0.0111454 0.126705 2.40775 -0.0628725 0.405604 -0.0994874 2.22816 1.24558 0.850897 1.20278 -0.39882 -0.538332 0.76131 1.29992 -2.08459 -0.308319 0.108695 0.18342 -0.152399 -0.257766 -0.406144 
0.0269545 -0.0401233 -0.632058 926.683 609.691 864.165 -0.00438943 -0.277506 -0.329462 -0.247124 0.011755 0.117161 2.44591 -0.0533574 0.400312 -0.0988185 2.20631 1.26748 0.847892 1.23967 -0.403755 -0.531962 0.768393 1.30755 -2.14031 -0.369399 0.0997895 0.167852 -0.168218 -0.264108 -0.434167 
0.0289745 -0.0378688 -0.613163 933.688 591.282 862.857 0.00953083 -0.262855 -0.322267 -0.279278 0.0211586 0.0972773 2.48426 -0.0542378 0.39822 -0.096842 2.19998 1.28462 0.833001 1.26332 -0.406491 -0.526145 0.784426 1.28753 -2.2699 -0.456989 0.0860217 0.138949 -0.17199 -0.277466 -0.445556 
0.0273393 -0.0349596 -0.59559 937.42 571.354 860.745 0.0376096 -0.239335 -0.297277 -0.317314 0.0349376 0.0857404 2.52379 -0.0442145 0.396273 -0.0950696 2.19577 1.29769 0.807744 1.30127 -0.412541 -0.519573 0.815642 1.28145 -2.47874 -0.588421 0.0725669 0.0974678 -0.174877 -0.298815 -0.46537 
0.030427 -0.0383554 -0.593536 944.398 553.025 859.661 0.0440327 -0.227419 -0.288254 -0.355376 0.0346328 0.0689598 2.53318 -0.0223951 0.395925 -0.0972072 2.19234 1.31721 0.791614 1.31884 -0.419043 -0.516368 0.835392 1.26589 -2.57277 -0.65367 0.0676743 0.0800558 -0.184683 -0.306304 -0.467595 
0.0361547 -0.0407062 -0.6041 949.256 534.724 858.459 0.047362 -0.194876 -0.284168 -0.435536 0.0426667 0.0518803 2.54235 -0.023139 0.394428 -0.0985921 2.18656 1.32459 0.770887 1.28876 -0.422358 -0.513801 0.850182 1.24649 -2.65302 -0.691955 0.0628087 0.0751742 -0.188182 -0.312745 -0.452199 
0.0451937 -0.0461209 -0.634524 953.53 515.489 857.711 0.0427307 -0.168369 -0.290477 -0.523021 0.0585171 0.0195348 2.50959 -0.0643659 0.393675 -0.100693 2.17371 1.33576 0.755142 1.26054 -0.422982 -0.510701 0.856038 1.22041 -2.72199 -0.708333 0.0560171 0.0858196 -0.190414 -0.318804 -0.422584 
0.0490401 -0.0484146 -0.674975 956.891 497.482 858.236 0.035135 -0.129656 -0.282733 -0.63557 0.0726838 0.00948947 2.45545 -0.0669942 0.393208 -0.0992849 2.16583 1.32977 0.750253 1.267 -0.425158 -0.510232 0.850736 1.21623 -2.74935 -0.679835 0.0528976 0.118184 -0.18916 -0.324258 -0.415841 
0.0446038 -0.0499223 -0.714659 957.106 478.143 857.332 0.0462784 -0.0823515 -0.253523 -0.732168 0.0954798 0.00740241 2.40238 -0.0455348 0.391667 -0.0972726 2.15074 1.31486 0.730442 1.28204 -0.432056 -0.510149 0.842125 1.23168 -2.7302 -0.633803 0.0501508 0.139238 -0.195222 -0.324565 -0.423466 
0.0374915 -0.051893 -0.723105 957.617 458.242 856.643 0.0611142 -0.0375627 -0.257358 -0.805116 0.115757 -0.00457508 2.40981 -0.0127707 0.391885 -0.0961059 2.14355 1.30718 0.720954 1.27438 -0.435613 -0.513304 0.836653 1.22988 -2.73513 -0.599794 0.0478628 0.146186 -0.200441 -0.32234 -0.434944 
0.038274 -0.0519239 -0.744644 957.993 441.281 857.388 0.0563464 0.00628401 -0.282079 -0.835165 0.123634 -0.0110197 2.53363 0.0275673 0.396 -0.0996907 2.15245 1.28589 0.733465 1.22604 -0.434845 -0.521983 0.801815 1.23971 -2.68508 -0.543577 0.04165 0.18598 -0.180649 -0.299152 -0.485015 
0.0392469 -0.0584838 -0.761143 960.393 425.866 857.224 0.0576572 0.0428394 -0.280038 -0.84078 0.13163 -0.0253912 2.59802 0.0624711 0.401023 -0.103566 2.14647 1.29443 0.73681 1.21747 -0.433158 -0.527427 0.778556 1.22795 -2.66489 -0.507713 0.0456353 0.208764 -0.175832 -0.278856 -0.53072 
0.0382737 -0.061682 -0.765273 963.149 409.366 855.755 0.0660592 0.0781622 -0.260647 -0.815875 0.142208 -0.0404349 2.64184 0.0774334 0.402886 -0.107178 2.15118 1.31165 0.720127 1.20034 -0.434351 -0.532381 0.763146 1.19324 -2.67464 -0.516454 0.0445503 0.224944 -0.18495 -0.265854 -0.551522 
0.0344942 -0.0624736 -0.788112 964.003 395.656 855.605 0.0714827 0.106164 -0.269593 -0.739074 0.154814 -0.0566033 2.68445 0.0758265 0.401327 -0.106097 2.17073 1.32626 0.706544 1.17761 -0.438586 -0.533846 0.753697 1.17487 -2.68083 -0.53622 0.0418041 0.227463 -0.195525 -0.258465 -0.544818 
0.0374185 -0.0644314 -0.831068 968.161 381.85 857.115 0.0563291 0.146 -0.286609 -0.713667 0.148894 -0.0815881 2.67161 0.0641707 0.401462 -0.106079 2.19665 1.34438 0.690206 1.13133 -0.442905 -0.532297 0.758888 1.17582 -2.71785 -0.55486 0.0434318 0.23187 -0.200244 -0.264494 -0.564098 
0.0304029 -0.0708492 -0.931023 975.163 356.924 857.965 0.0309402 0.201426 -0.345745 -0.857234 0.166339 -0.14417 2.57021 -0.000667731 0.406773 -0.11344 2.18941 1.32973 0.711853 1.11868 -0.436096 -0.539037 0.746166 1.15831 -2.82045 -0.538453 0.0422764 0.280255 -0.204849 -0.26702 -0.637846 
0.00622709 -0.0783817 -1.00414 979.17 318.55 860.366 0.00357151 0.183579 -0.541558 -0.846829 0.251456 -0.255518 2.41016 -0.154832 0.42617 -0.129164 2.12326 1.29715 0.762364 1.15584 -0.412342 -0.560976 0.705121 1.10125 -2.95243 -0.459025 0.031166 0.321228 -0.222119 -0.245428 -0.762048 
-0.00291416 -0.0783842 -1.08274 979.599 297.806 861.666 -0.0204846 0.16838 -0.61829 -0.672368 0.292037 -0.306662 2.3273 -0.231975 0.430651 -0.134961 2.10793 1.30116 0.790208 1.16101 -0.404409 -0.569318 0.68983 1.11517 -2.96046 -0.44974 0.0264065 0.3445 -0.226182 -0.242228 -0.808077 
-0.00285498 -0.0745245 -1.16142 984.227 286.638 859.877 -0.0337057 0.165002 -0.62282 -0.522856 0.302265 -0.324465 2.28389 -0.196778 0.425257 -0.138323 2.10897 1.32347 0.856636 1.14379 -0.404216 -0.57227 0.681543 1.11779 -2.94657 -0.501599 0.0274597 0.335111 -0.228372 -0.237737 -0.809879 
-0.00163365 -0.075168 -1.22441 986.332 276.495 859.191 -0.0327163 0.174275 -0.612705 -0.457245 0.281241 -0.32671 2.26013 -0.182668 0.424023 -0.138357 2.10979 1.34357 0.894979 1.1471 -0.405947 -0.576785 0.666015 1.13383 -2.97811 -0.542327 0.029868 0.31489 -0.223748 -0.235947 -0.797766 
-0.000659373 -0.0756644 -1.28882 983.38 271.833 860.885 -0.0206767 0.196205 -0.612287 -0.398901 0.257904 -0.32387 2.26831 -0.191024 0.427644 -0.137958 2.13083 1.35565 0.888982 1.16818 -0.409698 -0.577535 0.652589 1.17833 -3.05473 -0.521089 0.0396857 0.306732 -0.215412 -0.240471 -0.759016 
-0.00339191 -0.0770639 -1.38751 975.145 269.026 861.521 0.00457498 0.226942 -0.604362 -0.379092 0.244769 -0.315833 2.32295 -0.183153 0.434193 -0.13248 2.17087 1.3443 0.871334 1.12674 -0.410674 -0.577046 0.630787 1.26586 -3.18835 -0.462337 0.0552185 0.312668 -0.198589 -0.242727 -0.718186 
-0.00441279 -0.0737242 -1.44348 971.354 262.323 860.861 0.0137493 0.245752 -0.616975 -0.297474 0.241175 -0.324437 2.36622 -0.171293 0.436971 -0.131044 2.20387 1.3343 0.866408 1.08052 -0.410016 -0.576838 0.619447 1.29732 -3.2445 -0.455946 0.0649718 0.290003 -0.189199 -0.245027 -0.713737 
-0.007847 -0.0677964 -1.49104 970.56 254.777 862.501 0.0236493 0.24983 -0.625647 -0.171647 0.229587 -0.318561 2.35738 -0.129131 0.438623 -0.129826 2.21878 1.33014 0.869336 1.07158 -0.412894 -0.57492 0.617772 1.31092 -3.27995 -0.446406 0.0713816 0.277114 -0.186796 -0.241733 -0.703815 
-0.0124672 -0.0620842 -1.5156 969.328 248.579 864.927 0.0384539 0.254009 -0.642964 -0.0316376 0.231886 -0.318468 2.32743 -0.11409 0.438056 -0.12343 2.22975 1.3155 0.875801 1.10379 -0.414378 -0.574997 0.623652 1.32214 -3.30044 -0.42467 0.0792742 0.262347 -0.175611 -0.239734 -0.686636 
-0.0160712 -0.0549417 -1.54989 971.001 243.313 864.919 0.0508362 0.25225 -0.667633 0.085179 0.220238 -0.308191 2.30525 -0.0805007 0.438516 -0.118506 2.23993 1.30027 0.889806 1.13722 -0.415174 -0.573386 0.62701 1.32541 -3.32519 -0.431504 0.0879559 0.25399 -0.167168 -0.242421 -0.697935 
-0.00991081 -0.0482055 -1.57604 973.711 238.369 863.764 0.0544073 0.251515 -0.667644 0.202115 0.194516 -0.295945 2.24148 -0.0484727 0.443642 -0.115837 2.26099 1.27177 0.91911 1.17463 -0.41272 -0.571484 0.632578 1.34543 -3.37851 -0.425933 0.0927944 0.242764 -0.152902 -0.245667 -0.683828 
-0.00446607 -0.0465109 -1.6121 979.962 229.17 862.312 0.0387298 0.247443 -0.671529 0.240793 0.161425 -0.2894 2.18023 -0.00386969 0.448529 -0.11364 2.27863 1.25174 0.949456 1.20894 -0.411171 -0.569355 0.640165 1.38311 -3.4122 -0.409601 0.0966346 0.238496 -0.136286 -0.253167 -0.666504 
-0.0114893 -0.0442197 -1.65956 981.81 216.63 861.341 0.0367594 0.246256 -0.667092 0.213616 0.143597 -0.294192 2.19568 0.013032 0.450841 -0.113729 2.29376 1.24375 0.952559 1.21123 -0.410538 -0.56711 0.643538 1.41651 -3.40639 -0.416298 0.0999165 0.233969 -0.11883 -0.255343 -0.679029 
-0.0156072 -0.0479981 -1.6913 981.352 203.171 861.767 0.0389976 0.228253 -0.642976 0.224834 0.135869 -0.305359 2.21189 0.0276118 0.451436 -0.11436 2.31107 1.23618 0.944009 1.20642 -0.409951 -0.565688 0.647285 1.42821 -3.40147 -0.438318 0.104163 0.21946 -0.107849 -0.261586 -0.687726 
-0.021987 -0.0526872 -1.7128 979.496 188.223 862.386 0.0420538 0.204491 -0.620882 0.236239 0.132957 -0.313265 2.24141 0.0579524 0.450255 -0.112571 2.32102 1.22227 0.940248 1.21951 -0.407513 -0.566234 0.653735 1.43052 -3.38097 -0.42924 0.109041 0.20833 -0.0955719 -0.265356 -0.690796 
-0.0294071 -0.0579101 -1.71816 979.074 169.917 862.867 0.0356279 0.187823 -0.608448 0.206125 0.135203 -0.333604 2.26259 0.0766057 0.449484 -0.113001 2.32941 1.20106 0.947857 1.24719 -0.403446 -0.565807 0.658072 1.43752 -3.36043 -0.414053 0.112283 0.192031 -0.0856585 -0.266661 -0.689047 
-0.0286289 -0.0584403 -1.72257 981.792 149.234 862.574 0.0121486 0.185172 -0.588904 0.163719 0.123337 -0.354381 2.29549 0.0875761 0.448637 -0.110853 2.33899 1.1921 0.951543 1.27444 -0.401663 -0.565436 0.666811 1.46796 -3.35174 -0.4136 0.11018 0.177204 -0.0715638 -0.274119 -0.682171 
-0.0288895 -0.063609 -1.72875 983.603 128.042 861.073 -0.00478249 0.18324 -0.56473 0.0961998 0.117851 -0.381225 2.30988 0.0786071 0.446866 -0.108121 2.36383 1.18425 0.953752 1.28246 -0.396047 -0.565112 0.665568 1.46373 -3.30769 -0.450088 0.109533 0.15085 -0.0698746 -0.287401 -0.692932 
-0.0243177 -0.0708085 -1.7412 985.485 106.351 859.792 -0.0204046 0.176279 -0.542948 0.0481749 0.102266 -0.402252 2.29562 0.0882148 0.445485 -0.105143 2.39678 1.15253 0.966847 1.28677 -0.390611 -0.565689 0.664281 1.43165 -3.25209 -0.443329 0.1103 0.144705 -0.0663305 -0.29197 -0.679946 
-0.0143155 -0.0720129 -1.76264 988.389 83.4755 861.954 -0.0391942 0.167426 -0.536238 -0.00823952 0.0703765 -0.415889 2.29262 0.101311 0.44412 -0.10478 2.41719 1.13756 0.947415 1.26185 -0.388431 -0.565842 0.675026 1.40326 -3.22254 -0.445282 0.107309 0.148003 -0.0583639 -0.285433 -0.67312 
-0.00714035 -0.0748482 -1.77841 989.523 62.0205 863.001 -0.0574843 0.153797 -0.530259 -0.0568889 0.051395 -0.428099 2.29758 0.103868 0.443049 -0.102086 2.43273 1.12932 0.929705 1.22038 -0.386939 -0.564223 0.683929 1.37759 -3.18574 -0.443663 0.105301 0.143912 -0.0608933 -0.284464 -0.67154 
-0.00606935 -0.0760537 -1.76387 991.057 41.175 865.84 -0.0735979 0.138886 -0.536362 -0.108702 0.0404927 -0.427341 2.30698 0.133302 0.443157 -0.0997647 2.45497 1.11894 0.922761 1.21445 -0.387364 -0.560202 0.695371 1.34726 -3.17306 -0.465354 0.105946 0.116473 -0.0538532 -0.279779 -0.661062 
-0.00446084 -0.0818442 -1.76334 991.976 20.5766 865.125 -0.083831 0.118244 -0.52703 -0.124662 0.0334012 -0.438799 2.30935 0.129974 0.443937 -0.0919793 2.47238 1.11048 0.921312 1.20932 -0.383593 -0.555714 0.701218 1.29413 -3.11948 -0.489782 0.109606 0.0983102 -0.0513074 -0.273936 -0.650499 
-0.00625284 -0.0901652 -1.73329 992.822 -3.29266 863.026 -0.0937481 0.0832362 -0.520193 -0.12716 0.0373052 -0.443982 2.38276 0.170903 0.442665 -0.08711 2.485 1.11271 0.915974 1.26454 -0.377347 -0.553367 0.685138 1.33977 -3.10076 -0.516016 0.114896 0.0708354 -0.0417686 -0.264705 -0.645205 
-0.00846496 -0.0916087 -1.69357 989.54 -22.5898 864.874 -0.0959269 0.063241 -0.545719 -0.133029 0.046281 -0.43063 2.47977 0.242249 0.440687 -0.0942039 2.49549 1.11786 0.934771 1.32891 -0.377493 -0.554986 0.67384 1.41005 -3.22657 -0.521048 0.120651 0.038529 -0.0186746 -0.25376 -0.652186 
-0.00473189 -0.0923246 -1.6917 988.381 -40.9059 865.355 -0.105878 0.0495079 -0.517599 -0.159742 0.0326909 -0.417119 2.51339 0.288916 0.442448 -0.0936304 2.50238 1.12086 0.924153 1.35273 -0.377532 -0.555077 0.679405 1.40112 -3.22911 -0.513774 0.116791 0.0237623 -0.0141715 -0.248105 -0.640414 
0.000313446 -0.0935779 -1.68399 987.162 -58.1734 868.039 -0.117945 0.0404532 -0.499015 -0.205784 0.0194616 -0.391116 2.52842 0.34944 0.443207 -0.0948453 2.50177 1.12774 0.920802 1.368 -0.378078 -0.556707 0.690446 1.38228 -3.24348 -0.494634 0.113572 -0.0146078 -0.00769476 -0.24935 -0.610851 
0.000561472 -0.0938333 -1.69513 985.689 -72.937 872.277 -0.119827 0.0191255 -0.497087 -0.223631 0.0171638 -0.353694 2.60833 0.396742 0.442264 -0.0999946 2.50358 1.12343 0.938589 1.34806 -0.381971 -0.558307 0.702604 1.40709 -3.32223 -0.51022 0.110079 -0.0378296 0.00136846 -0.25065 -0.590381 
-0.00269884 -0.0871789 -1.70828 981.884 -85.7029 877.109 -0.110125 0.0088263 -0.485318 -0.235856 0.0183037 -0.303962 2.6532 0.440244 0.44263 -0.100774 2.50412 1.0954 0.955808 1.30212 -0.385643 -0.565546 0.7226 1.38623 -3.3801 -0.544321 0.104222 -0.0570341 0.00236775 -0.257688 -0.600259 
-0.00239019 -0.0847031 -1.72749 979.26 -98.9815 880.648 -0.107881 -0.0123501 -0.509624 -0.204204 0.0124603 -0.268933 2.68503 0.444974 0.440635 -0.105857 2.51087 1.07867 0.959315 1.26602 -0.388678 -0.568529 0.735343 1.39391 -3.46191 -0.555021 0.103012 -0.0643545 0.0108435 -0.262072 -0.622996 
0.00145852 -0.0919582 -1.75155 977.407 -111.701 881.258 -0.109034 -0.0494475 -0.587686 -0.149598 -0.000137542 -0.252611 2.70603 0.375366 0.434839 -0.120066 2.51881 1.08473 0.938914 1.259 -0.383766 -0.562789 0.728752 1.43684 -3.52346 -0.596426 0.109474 -0.0676051 0.0310558 -0.256781 -0.615047 
0.00667492 -0.103006 -1.79132 974.844 -126.939 878.056 -0.112672 -0.0996028 -0.651914 -0.0998029 -0.0130963 -0.268728 2.69201 0.269696 0.430596 -0.1326 2.5161 1.1075 0.922171 1.27312 -0.379252 -0.553812 0.716689 1.4669 -3.5602 -0.601305 0.116146 -0.0492536 0.0496514 -0.250842 -0.583693 
0.0131677 -0.108858 -1.81987 971.816 -141.012 875.873 -0.119069 -0.128419 -0.701747 -0.083378 -0.0278223 -0.274358 2.68189 0.212271 0.42845 -0.138861 2.52095 1.11395 0.899325 1.267 -0.376129 -0.548362 0.710852 1.47355 -3.59058 -0.620748 0.119655 -0.018861 0.06173 -0.246295 -0.586609 
0.0202795 -0.110982 -1.84479 969.514 -151.385 875.388 -0.126173 -0.138666 -0.739506 -0.0803376 -0.0442512 -0.26211 2.71437 0.182234 0.426004 -0.137725 2.5345 1.10714 0.883752 1.22163 -0.37617 -0.543932 0.710813 1.48656 -3.62548 -0.640496 0.118707 0.00516414 0.0694471 -0.250928 -0.574568 
0.024602 -0.106497 -1.84613 966.677 -161.102 877.762 -0.133195 -0.127242 -0.731909 -0.0823561 -0.060138 -0.212365 2.7396 0.210048 0.427504 -0.127582 2.55442 1.10667 0.899532 1.18501 -0.383337 -0.544797 0.714782 1.50123 -3.6717 -0.663532 0.113279 0.00362404 0.0665907 -0.255365 -0.580461 
0.0264707 -0.0953497 -1.82151 964.828 -168.11 882.892 -0.141247 -0.122455 -0.669886 -0.128722 -0.100149 -0.063071 2.79795 0.387978 0.430691 -0.10635 2.56946 1.10446 0.914896 1.14894 -0.394984 -0.545805 0.717852 1.52716 -3.68167 -0.701079 0.099218 -0.00240171 0.0504912 -0.263573 -0.585591 
0.031594 -0.103651 -1.83461 959.688 -179.912 881.269 -0.158454 -0.172549 -0.698161 -0.211708 -0.115533 0.0297843 2.7852 0.37327 0.427837 -0.119592 2.57897 1.12214 0.888589 1.13906 -0.393082 -0.542753 0.68981 1.52728 -3.69249 -0.757205 0.101773 0.00187164 0.0528099 -0.257617 -0.587787 
0.0367176 -0.111902 -1.90342 955.965 -191.374 875.479 -0.181552 -0.215046 -0.723614 -0.213362 -0.111237 0.0574811 2.70733 0.315673 0.418683 -0.133726 2.59681 1.12895 0.853336 1.11516 -0.389727 -0.538466 0.670209 1.55148 -3.73995 -0.795815 0.106979 0.0394376 0.0639355 -0.247646 -0.600958 
0.0350968 -0.110614 -1.93182 948.724 -200.555 873.52 -0.180894 -0.222781 -0.725131 -0.185299 -0.0990161 0.0929377 2.67646 0.317842 0.414333 -0.137568 2.60421 1.12795 0.871692 1.10468 -0.389789 -0.53719 0.662598 1.5583 -3.76145 -0.788958 0.10932 0.0607421 0.0633175 -0.245879 -0.596134 
0.0335949 -0.10719 -1.9713 947.095 -201.288 871.904 -0.180802 -0.220959 -0.719397 -0.149639 -0.0986324 0.159149 2.69268 0.329088 0.41218 -0.137795 2.60851 1.12701 0.890797 1.10181 -0.390449 -0.534614 0.665692 1.56975 -3.79237 -0.800011 0.112464 0.0836058 0.0593387 -0.24973 -0.581481 
0.0368497 -0.105502 -2.00791 944.876 -204.642 871.543 -0.185917 -0.229858 -0.706893 -0.132228 -0.101661 0.203745 2.71766 0.304049 0.413724 -0.134674 2.60291 1.1284 0.890906 1.08785 -0.389771 -0.532656 0.663649 1.57249 -3.79375 -0.803665 0.114677 0.0978616 0.0582116 -0.249111 -0.571858 
0.0448978 -0.110792 -2.05314 942.049 -209.438 872.927 -0.198907 -0.240742 -0.733876 -0.132866 -0.0991452 0.22685 2.74387 0.252928 0.418542 -0.122358 2.59157 1.16413 0.811035 1.04948 -0.385413 -0.52937 0.665111 1.58159 -3.81402 -0.829031 0.123057 0.106989 0.0572744 -0.250585 -0.581567 
0.0530357 -0.117302 -2.10911 939.258 -215.966 874.996 -0.217701 -0.261649 -0.769472 -0.124157 -0.0945987 0.247393 2.79214 0.213441 0.426145 -0.109093 2.58886 1.21062 0.702454 1.0157 -0.379748 -0.525683 0.666285 1.601 -3.8627 -0.864786 0.135514 0.11468 0.0557508 -0.24791 -0.595667 
0.0590647 -0.123127 -2.16366 933.477 -224.067 876.651 -0.231332 -0.280479 -0.767926 -0.114303 -0.0837636 0.259341 2.81798 0.18662 0.429848 -0.0964704 2.57516 1.26943 0.613251 0.979112 -0.373855 -0.519636 0.656267 1.62613 -3.89399 -0.890217 0.14271 0.122233 0.0573986 -0.252047 -0.60465 
0.0613584 -0.121999 -2.21781 924.751 -232.688 877.756 -0.239955 -0.299187 -0.711281 -0.104823 -0.0632738 0.275602 2.84258 0.145703 0.42888 -0.0895802 2.58338 1.31226 0.540087 0.918699 -0.369518 -0.513256 0.64478 1.63197 -3.89289 -0.889973 0.134303 0.14175 0.0531917 -0.273353 -0.605283 
0.0660105 -0.117383 -2.27732 913.648 -242.258 878.689 -0.241857 -0.319804 -0.659846 -0.0770326 -0.0400178 0.285317 2.84755 0.127588 0.425964 -0.0894672 2.58848 1.34725 0.506037 0.887457 -0.367213 -0.513466 0.639511 1.64941 -3.87638 -0.910034 0.125886 0.166609 0.0500533 -0.294173 -0.627926 
0.0683827 -0.115321 -2.30691 903.363 -249.939 878.987 -0.24507 -0.334403 -0.641717 -0.0766706 -0.0247732 0.286785 2.85374 0.120852 0.42628 -0.0888071 2.59343 1.35243 0.477564 0.853717 -0.364674 -0.510587 0.643122 1.65539 -3.90119 -0.915148 0.12135 0.173947 0.0477513 -0.3071 -0.624797 
0.0732633 -0.113539 -2.32073 894.095 -258.596 879.791 -0.25342 -0.344707 -0.641978 -0.0902917 -0.0215602 0.26957 2.85868 0.0881252 0.427112 -0.087858 2.5889 1.34922 0.490646 0.837099 -0.36368 -0.506495 0.657989 1.65666 -3.9604 -0.911223 0.125664 0.187621 0.0448494 -0.306719 -0.617514 
0.0836709 -0.107433 -2.32631 884.667 -267.874 879.825 -0.259929 -0.3551 -0.645842 -0.0763642 -0.026445 0.249933 2.85481 0.0491663 0.42749 -0.0833686 2.58597 1.31678 0.539821 0.797276 -0.360592 -0.500013 0.66925 1.65349 -4.01212 -0.90015 0.1255 0.213171 0.052999 -0.308032 -0.626184 
0.0870632 -0.102668 -2.3025 871.676 -277.293 878.152 -0.251551 -0.367857 -0.643459 -0.0708805 -0.0346124 0.222674 2.84695 0.0261462 0.425593 -0.0824319 2.59298 1.2683 0.590641 0.706602 -0.355719 -0.497506 0.682098 1.67588 -4.07776 -0.878954 0.119063 0.211795 0.048939 -0.309703 -0.6155 
0.0909764 -0.0981704 -2.28719 858.145 -287.162 876.696 -0.246025 -0.384319 -0.676833 -0.0648465 -0.0363474 0.191008 2.85598 -0.0136969 0.424599 -0.0838898 2.59652 1.22386 0.656602 0.642189 -0.350895 -0.497927 0.692469 1.69166 -4.11738 -0.854357 0.11289 0.219759 0.0453827 -0.304618 -0.589221 
0.092879 -0.093804 -2.29276 843.929 -295.942 876.478 -0.2435 -0.395947 -0.672666 -0.0672591 -0.0323411 0.182962 2.84018 -0.0180374 0.42364 -0.0849265 2.59168 1.20897 0.678111 0.597949 -0.349067 -0.496183 0.694713 1.70889 -4.12331 -0.851431 0.110471 0.219146 0.0458378 -0.302845 -0.557596 
0.0933555 -0.0892622 -2.30257 828.618 -304.004 875.377 -0.2418 -0.396 -0.649506 -0.0979731 -0.0288937 0.177105 2.84673 -0.0063744 0.421111 -0.0849164 2.58068 1.19675 0.67907 0.548716 -0.346376 -0.493775 0.701058 1.73684 -4.12546 -0.85916 0.108322 0.213668 0.0400395 -0.30561 -0.563022 
0.0954292 -0.0823757 -2.34862 814.798 -312.598 874.771 -0.257418 -0.398829 -0.64123 -0.114862 -0.0191722 0.183088 2.86246 0.0128131 0.418426 -0.0840659 2.56599 1.20153 0.698609 0.510419 -0.343788 -0.495386 0.708708 1.76385 -4.15331 -0.855969 0.109553 0.241334 0.0338665 -0.304944 -0.540043 
0.0995362 -0.074389 -2.41892 799.406 -324.081 874.472 -0.278958 -0.41176 -0.659666 -0.0926646 -0.00654443 0.187162 2.87074 0.0502284 0.415957 -0.0832996 2.55226 1.20731 0.705898 0.508448 -0.345271 -0.503544 0.71959 1.77788 -4.21364 -0.837933 0.112074 0.298588 0.0381214 -0.306502 -0.519035 
0.103483 -0.0657377 -2.48064 781.216 -334.595 875.003 -0.299346 -0.416543 -0.665439 -0.0940678 0.0065568 0.187626 2.86827 0.0682701 0.413527 -0.0846635 2.53794 1.2118 0.70475 0.496782 -0.348545 -0.50868 0.725829 1.80047 -4.25312 -0.817719 0.108714 0.35614 0.044309 -0.30678 -0.496566 
0.100394 -0.0609068 -2.53623 763.166 -343.332 876.03 -0.303292 -0.421961 -0.65893 -0.0846343 0.0262747 0.174619 2.84412 0.0665796 0.414217 -0.0871732 2.50812 1.22733 0.671782 0.443663 -0.351127 -0.508703 0.736857 1.85096 -4.27602 -0.810267 0.103372 0.376921 0.044525 -0.310845 -0.518345 
0.0962721 -0.0580093 -2.58883 742.608 -353.757 876.96 -0.304074 -0.431765 -0.651132 -0.0805521 0.0431024 0.158298 2.8309 0.0891172 0.414979 -0.0930746 2.48487 1.24989 0.637413 0.396186 -0.351443 -0.507861 0.752678 1.88374 -4.28918 -0.80267 0.099465 0.384876 0.043078 -0.317527 -0.528396 
0.0926873 -0.0537098 -2.63285 723.667 -361.681 876.999 -0.302591 -0.428602 -0.634135 -0.0860326 0.0531522 0.14299 2.79088 0.0961396 0.416077 -0.0994449 2.46008 1.27293 0.629943 0.377408 -0.351367 -0.507719 0.764523 1.91974 -4.29506 -0.758704 0.0983197 0.385335 0.0426264 -0.322799 -0.549924 
0.0952937 -0.0583307 -2.62606 706.568 -371.255 874.521 -0.294697 -0.41911 -0.607024 -0.13855 0.0420014 0.117277 2.75187 0.111242 0.414168 -0.104115 2.4522 1.27498 0.639416 0.307249 -0.345598 -0.509408 0.769026 1.9149 -4.23191 -0.700937 0.103964 0.364585 0.0435371 -0.319203 -0.561781 
0.100516 -0.0623716 -2.60192 689.814 -382.374 872.242 -0.285049 -0.415775 -0.583979 -0.170093 0.0228781 0.093712 2.72126 0.123545 0.411307 -0.111412 2.45407 1.26924 0.642553 0.272305 -0.342046 -0.508354 0.772673 1.90934 -4.17122 -0.673067 0.111587 0.352571 0.0423302 -0.307039 -0.557496 
0.105962 -0.0681293 -2.58204 671.42 -392.626 870.096 -0.264047 -0.41409 -0.547409 -0.208261 0.0123401 0.0697743 2.67987 0.145222 0.410761 -0.117524 2.45348 1.26523 0.642354 0.219003 -0.340344 -0.50859 0.7836 1.91599 -4.12955 -0.65436 0.115433 0.337447 0.0412544 -0.293608 -0.560809 
0.113891 -0.0714176 -2.57366 655.244 -405.442 868.67 -0.258095 -0.418057 -0.553443 -0.237173 -0.00690142 0.0455417 2.63555 0.164737 0.410657 -0.118062 2.46431 1.26803 0.643437 0.153507 -0.341509 -0.50236 0.791146 1.94659 -4.10867 -0.618922 0.111784 0.324117 0.0381809 -0.289188 -0.569598 
0.120619 -0.0733553 -2.59231 638.344 -413.834 868.969 -0.255778 -0.412486 -0.540617 -0.25849 -0.0206602 0.0329559 2.6052 0.198487 0.410475 -0.118561 2.46342 1.27531 0.624173 0.113503 -0.341279 -0.501283 0.791434 1.96381 -4.11224 -0.600602 0.109793 0.335856 0.0405462 -0.292986 -0.572489 
0.124643 -0.0794656 -2.61196 621.773 -420.621 868.858 -0.244315 -0.402562 -0.511724 -0.294974 -0.0316858 0.00197639 2.57675 0.210306 0.405673 -0.12117 2.45425 1.28012 0.615375 0.091791 -0.337402 -0.504377 0.786025 1.97066 -4.08651 -0.585151 0.112511 0.35297 0.0440152 -0.292456 -0.566973 
0.131039 -0.0878198 -2.60789 607.745 -428.473 868.396 -0.222665 -0.366571 -0.427164 -0.350726 -0.050728 -0.023327 2.54623 0.219256 0.402476 -0.128102 2.44855 1.28721 0.633116 0.0902323 -0.328451 -0.513566 0.776275 1.95183 -4.03853 -0.573355 0.112605 0.346918 0.0490634 -0.288283 -0.564733 
0.134293 -0.0928752 -2.58838 594.623 -434.052 868.23 -0.194711 -0.302337 -0.36099 -0.414822 -0.0657912 -0.0464176 2.53105 0.241827 0.40009 -0.129215 2.44663 1.28939 0.645327 0.130274 -0.323848 -0.515273 0.779508 1.93586 -3.98508 -0.585026 0.109427 0.342475 0.0503602 -0.285574 -0.577881 
0.134299 -0.100901 -2.59559 581.25 -436.542 868.445 -0.176022 -0.253906 -0.30881 -0.472406 -0.0724274 -0.0556197 2.56959 0.308262 0.400764 -0.131046 2.44549 1.28319 0.64176 0.0657989 -0.316843 -0.523851 0.773013 1.91924 -3.97063 -0.627925 0.106899 0.296707 0.043255 -0.300873 -0.587257 
0.132823 -0.107354 -2.62106 568.665 -437.748 868.698 -0.164605 -0.227441 -0.286415 -0.478307 -0.0729991 -0.0547938 2.58001 0.326758 0.400405 -0.135136 2.43673 1.28325 0.634344 0.0283146 -0.31443 -0.528062 0.762781 1.92848 -3.97605 -0.662117 0.112114 0.296033 0.0332446 -0.305617 -0.607009 
0.130741 -0.103393 -2.60904 559.764 -437.102 868.542 -0.147827 -0.181024 -0.29432 -0.468123 -0.0680794 -0.0560209 2.53783 0.294359 0.398338 -0.126491 2.43151 1.29108 0.624383 0.0424695 -0.31742 -0.525918 0.747365 1.93194 -3.90398 -0.656745 0.110908 0.286427 0.0269707 -0.307941 -0.619641 
0.126765 -0.095438 -2.62393 551.467 -435.499 868.32 -0.133328 -0.128015 -0.306011 -0.439908 -0.0669883 -0.0598542 2.50419 0.237103 0.396771 -0.123114 2.43064 1.29167 0.633154 0.0880571 -0.321226 -0.521235 0.734922 1.91835 -3.82291 -0.657573 0.109917 0.302132 0.0290847 -0.298911 -0.614541 
0.135555 -0.101619 -2.70325 535.357 -442.805 866.305 -0.137485 -0.0182694 -0.337497 -0.513945 -0.0789221 -0.112899 2.47611 0.182011 0.393502 -0.121269 2.43099 1.30993 0.678671 0.0278836 -0.307203 -0.533759 0.71878 1.89368 -3.80703 -0.716876 0.105605 0.331236 0.0393317 -0.306716 -0.629006 
0.159911 -0.11181 -2.88525 515.772 -456.009 862.68 -0.183535 0.0444538 -0.406788 -0.471034 -0.0987835 -0.186796 2.29587 0.121949 0.383514 -0.0983452 2.41333 1.38138 0.727806 -0.042301 -0.289352 -0.553414 0.7205 1.88854 -3.89339 -0.733914 0.112927 0.471686 0.0298583 -0.314685 -0.641912 
0.16558 -0.116031 -2.93251 505.413 -457.328 862.943 -0.211162 0.0805092 -0.436 -0.374421 -0.081856 -0.232358 2.25263 0.119355 0.382728 -0.0898048 2.40706 1.40219 0.732635 -0.0362662 -0.288225 -0.554418 0.720613 1.88449 -3.92468 -0.725813 0.116406 0.490153 0.020588 -0.313558 -0.648592 
0.16292 -0.116405 -2.938 497.085 -455.963 862.9 -0.229527 0.137197 -0.424855 -0.359878 -0.0796356 -0.231632 2.25228 0.131542 0.382151 -0.0890874 2.41393 1.42367 0.730383 -0.0064658 -0.289832 -0.553836 0.718215 1.87456 -3.92771 -0.726225 0.120518 0.468689 0.0163108 -0.314109 -0.661294 
0.159662 -0.118047 -2.94892 487.135 -453.614 861.879 -0.238184 0.187893 -0.447502 -0.373928 -0.0789396 -0.238947 2.26386 0.138296 0.380641 -0.0897251 2.4142 1.44689 0.731107 0.0244928 -0.291233 -0.55106 0.709199 1.85385 -3.92317 -0.719521 0.126357 0.450195 0.0092438 -0.313209 -0.67166 
0.152971 -0.116087 -2.93883 479.789 -450.725 861.409 -0.238276 0.231516 -0.462346 -0.367587 -0.0791423 -0.241691 2.28543 0.153449 0.380218 -0.0901224 2.42476 1.44759 0.744454 0.0337279 -0.293315 -0.552387 0.703046 1.83414 -3.91728 -0.711554 0.13107 0.433168 -0.00100382 -0.316534 -0.673755 
0.144044 -0.114239 -2.93071 470.646 -447.493 861.992 -0.236666 0.263012 -0.46597 -0.319385 -0.065567 -0.249391 2.29954 0.155759 0.382394 -0.0908793 2.42301 1.44849 0.760084 0.0470106 -0.292352 -0.552175 0.696325 1.8081 -3.94391 -0.689349 0.134862 0.405385 0.00664922 -0.321433 -0.678771 
0.134252 -0.109122 -2.94355 458.737 -445.25 862.376 -0.232388 0.270236 -0.465598 -0.22473 -0.0494546 -0.257096 2.30612 0.149709 0.385158 -0.0901071 2.41573 1.46424 0.757664 0.0456043 -0.287296 -0.548465 0.691042 1.7777 -3.98423 -0.667601 0.139707 0.37303 0.0142106 -0.322855 -0.702327 
0.129011 -0.101971 -2.9627 446.089 -443.825 861.802 -0.233633 0.275236 -0.442474 -0.134559 -0.0469172 -0.258845 2.30155 0.168056 0.385765 -0.0872564 2.42133 1.46411 0.737676 0.0385574 -0.28511 -0.547145 0.681467 1.75917 -3.98691 -0.651084 0.142905 0.348049 0.0215297 -0.330327 -0.71836 
0.123372 -0.0996535 -2.98412 433.011 -442.485 860.024 -0.231923 0.263244 -0.420644 -0.0332557 -0.038185 -0.275812 2.28879 0.165911 0.385649 -0.0837078 2.42388 1.46433 0.717146 0.0666899 -0.287629 -0.546679 0.671971 1.74805 -3.95935 -0.648742 0.143517 0.339568 0.0138394 -0.337848 -0.72663 
0.114224 -0.0957362 -3.00874 419.277 -438.293 858.661 -0.22259 0.241648 -0.425138 0.0819149 -0.0195432 -0.288373 2.28013 0.162559 0.385152 -0.0791986 2.42159 1.47364 0.686119 0.110386 -0.291354 -0.543627 0.672774 1.71892 -3.95781 -0.652289 0.148058 0.339409 0.0090446 -0.339185 -0.709085 
0.103355 -0.0906978 -3.04269 404.907 -434.703 858.963 -0.21599 0.223126 -0.422989 0.146452 -0.0128454 -0.285077 2.25901 0.168189 0.385629 -0.0789018 2.41948 1.47047 0.684421 0.139543 -0.295138 -0.54301 0.665785 1.68661 -3.95084 -0.640043 0.153682 0.350947 0.00284316 -0.340927 -0.704686 
0.0994505 -0.089784 -3.06723 388.825 -432.356 858.509 -0.217646 0.199025 -0.416257 0.185146 -0.0113783 -0.294568 2.28398 0.184671 0.387541 -0.0784782 2.42394 1.46845 0.691534 0.162042 -0.297652 -0.543613 0.662929 1.67325 -3.9635 -0.649 0.155438 0.353585 0.00480997 -0.336557 -0.697587 
0.0934928 -0.0916176 -3.08662 368.183 -429.023 857.454 -0.223512 0.182217 -0.435944 0.157589 -0.00769386 -0.322225 2.28141 0.191638 0.387652 -0.0737273 2.41976 1.47189 0.672328 0.188637 -0.298945 -0.541333 0.653855 1.64848 -3.98959 -0.587443 0.158854 0.349759 0.0051541 -0.341084 -0.670997 
0.0865077 -0.0936162 -3.1235 348.931 -426.132 857.223 -0.22167 0.165969 -0.447305 0.130262 -0.00916594 -0.331976 2.29835 0.215719 0.387269 -0.0723882 2.41901 1.46034 0.655854 0.215189 -0.300818 -0.539832 0.645226 1.62991 -3.99419 -0.52727 0.160421 0.342397 -0.000564622 -0.338965 -0.640519 
0.0719296 -0.0906639 -3.16297 331.379 -423.011 854.717 -0.21042 0.174679 -0.432378 0.0832228 0.00345409 -0.340982 2.33055 0.204917 0.388822 -0.0778654 2.43236 1.4634 0.65301 0.217986 -0.301435 -0.539565 0.65041 1.63552 -4.03083 -0.522838 0.156509 0.33826 -0.00784049 -0.343084 -0.620566 
0.060341 -0.0859381 -3.18351 316.626 -420.235 853.119 -0.196703 0.181819 -0.443144 0.0603094 0.0138799 -0.335047 2.38872 0.202954 0.390278 -0.0848728 2.4355 1.45468 0.652963 0.237663 -0.303062 -0.537929 0.646882 1.63297 -4.06382 -0.55569 0.155533 0.309074 -0.019569 -0.342682 -0.611722 
0.0541941 -0.0821441 -3.21712 300.936 -419.209 851.076 -0.180495 0.183635 -0.4287 0.0549953 0.0110294 -0.335233 2.43129 0.220254 0.390164 -0.0907139 2.4423 1.45785 0.636335 0.263833 -0.300593 -0.536445 0.642523 1.64018 -4.10474 -0.555653 0.157355 0.282678 -0.021204 -0.343499 -0.590012 
0.0627012 -0.0810359 -3.248 286.789 -420.864 849.948 -0.18825 0.196948 -0.393096 0.0109625 -0.0229089 -0.327472 2.40034 0.262249 0.393503 -0.0874475 2.46095 1.4545 0.637049 0.287081 -0.302249 -0.541514 0.649354 1.63466 -4.12184 -0.51236 0.167455 0.277192 0.00238368 -0.346894 -0.58189 
0.0680626 -0.0833089 -3.28411 269.144 -419.409 847.254 -0.190791 0.197776 -0.368041 -0.0329995 -0.041171 -0.331473 2.35208 0.273615 0.397033 -0.0856009 2.47093 1.43149 0.645736 0.310692 -0.302515 -0.547939 0.650105 1.62403 -4.09828 -0.463064 0.174203 0.283625 0.0240264 -0.343739 -0.593567 
0.073182 -0.0858704 -3.26509 247.06 -412.203 845.977 -0.195194 0.173381 -0.357612 -0.0341581 -0.0322533 -0.351431 2.34617 0.281614 0.397295 -0.0871069 2.4747 1.41983 0.658046 0.352453 -0.297644 -0.546062 0.644852 1.60781 -4.07642 -0.417229 0.170673 0.249127 0.0297454 -0.335593 -0.572554 
0.0781741 -0.0866504 -3.25045 229.759 -409.579 845.824 -0.211083 0.163147 -0.356146 -0.0545633 -0.0374316 -0.35923 2.31995 0.293723 0.396643 -0.0879986 2.48353 1.41126 0.681547 0.428147 -0.29424 -0.5412 0.643067 1.60268 -4.08996 -0.389982 0.170457 0.201271 0.0296804 -0.341434 -0.581614 
0.0803871 -0.087984 -3.25943 203.233 -403.738 845.899 -0.21186 0.136243 -0.360809 -0.0848543 -0.0371954 -0.369927 2.32318 0.309025 0.394064 -0.0860704 2.48406 1.41606 0.678429 0.476722 -0.296044 -0.539822 0.652404 1.56058 -4.12772 -0.377314 0.163323 0.17988 0.0394098 -0.336044 -0.59606 
0.0933831 -0.089682 -3.21137 174.642 -396.452 846.34 -0.223514 0.0962186 -0.326964 -0.0881239 -0.0239279 -0.40794 2.28385 0.301742 0.384177 -0.0769379 2.48471 1.41841 0.641175 0.566121 -0.296089 -0.542831 0.663113 1.49886 -4.3 -0.367675 0.148153 0.141579 0.0706012 -0.312352 -0.62126 
0.0996718 -0.0947983 -3.19957 154.787 -393.878 844.831 -0.237292 0.0731298 -0.305683 -0.106839 -0.0353111 -0.419333 2.29701 0.316891 0.379842 -0.0731804 2.49989 1.39382 0.650534 0.606989 -0.294963 -0.545343 0.664905 1.49065 -4.39205 -0.37825 0.143667 0.10769 0.0746972 -0.285778 -0.588098 
0.0971716 -0.0972028 -3.20156 138.711 -391.075 844.605 -0.235926 0.0502278 -0.298153 -0.103433 -0.0442088 -0.402892 2.32269 0.364863 0.380545 -0.07506 2.51242 1.36475 0.669009 0.621542 -0.295024 -0.545062 0.668704 1.48944 -4.4087 -0.372441 0.142517 0.0871248 0.0709706 -0.274022 -0.564608 
0.0835409 -0.0943184 -3.21463 120.964 -382.336 841.152 -0.217142 0.0359842 -0.281825 -0.113015 -0.0256883 -0.391595 2.34872 0.385644 0.382567 -0.0749503 2.53016 1.38064 0.718062 0.607248 -0.290706 -0.539262 0.671563 1.48133 -4.37633 -0.358604 0.138 0.0612325 0.0619586 -0.2866 -0.549239 
0.0646427 -0.0919819 -3.21811 104.039 -372.995 835.933 -0.192471 0.0215905 -0.28288 -0.118683 0.00367137 -0.38248 2.36823 0.374316 0.388127 -0.0740588 2.55361 1.44147 0.82009 0.586814 -0.28359 -0.530803 0.67441 1.48252 -4.31645 -0.352466 0.127506 0.0337395 0.0432615 -0.309759 -0.503416 
0.0473525 -0.0922774 -3.21465 88.4167 -365.118 832.106 -0.167758 0.00575046 -0.270093 -0.14229 0.0277244 -0.367055 2.40131 0.388252 0.392735 -0.0720378 2.585 1.4997 0.894238 0.568156 -0.277414 -0.522641 0.677467 1.48045 -4.28466 -0.351371 0.114633 0.00082151 0.0360824 -0.324262 -0.447312 
0.0250031 -0.100458 -3.18446 73.7182 -356.649 829.981 -0.135245 -0.0146892 -0.230945 -0.143938 0.063207 -0.368502 2.37226 0.368138 0.394367 -0.0669498 2.60899 1.56466 0.943629 0.545081 -0.275829 -0.516229 0.688189 1.47285 -4.23902 -0.350071 0.110813 -0.0725603 0.0365172 -0.333634 -0.393894 
0.0146774 -0.107571 -3.20113 60.9497 -350.256 829.456 -0.120222 -0.0342055 -0.20365 -0.157775 0.0686852 -0.363215 2.3463 0.355442 0.394643 -0.0650198 2.6256 1.57806 0.966578 0.543624 -0.275872 -0.513198 0.689312 1.45483 -4.24507 -0.330241 0.10884 -0.106667 0.0385422 -0.338364 -0.368908 
0.0139907 -0.108695 -3.22526 51.9997 -344.83 830.856 -0.116712 -0.0324338 -0.196896 -0.197062 0.0612878 -0.345583 2.3531 0.363027 0.394548 -0.0657336 2.63446 1.58 0.960461 0.538383 -0.277864 -0.512039 0.685384 1.44081 -4.24281 -0.302403 0.106159 -0.123847 0.0447794 -0.342247 -0.361959 
0.0182569 -0.108782 -3.23772 42.835 -339.971 831.335 -0.12223 -0.028016 -0.189823 -0.225925 0.0535897 -0.335157 2.38066 0.330184 0.394754 -0.065492 2.64435 1.586 0.960743 0.527685 -0.281282 -0.511716 0.68343 1.436 -4.25397 -0.289395 0.108102 -0.1294 0.0505981 -0.34504 -0.379809 
0.0222916 -0.111249 -3.25681 34.2293 -334.558 832.17 -0.123798 -0.0307696 -0.16863 -0.215595 0.0449597 -0.323791 2.40488 0.291311 0.395257 -0.0670792 2.65228 1.5846 0.949135 0.520596 -0.285106 -0.514092 0.682969 1.42974 -4.27492 -0.257953 0.108669 -0.144874 0.0533943 -0.342407 -0.380353 
0.0209725 -0.112125 -3.26078 27.4079 -329.031 833.892 -0.117914 -0.0249674 -0.185662 -0.206903 0.0434981 -0.302914 2.41164 0.241429 0.393443 -0.0633109 2.66442 1.58946 0.947287 0.516355 -0.284461 -0.511744 0.682549 1.41235 -4.29845 -0.230523 0.107645 -0.180738 0.0570493 -0.335965 -0.394093 
0.0235572 -0.118244 -3.27772 17.7031 -322.303 835.092 -0.10956 -0.0345417 -0.219802 -0.149286 0.0716129 -0.319961 2.3703 0.0502441 0.390687 -0.0585111 2.66352 1.60822 0.934559 0.513091 -0.280895 -0.50911 0.67985 1.37279 -4.34512 -0.235307 0.113139 -0.181352 0.0649095 -0.31445 -0.433622 
0.0262693 -0.12285 -3.32638 11.3774 -314.763 833.934 -0.0997448 -0.0406856 -0.229171 -0.0739401 0.101035 -0.334262 2.3344 -0.116717 0.393499 -0.0587645 2.67014 1.63095 0.909317 0.451771 -0.281758 -0.51432 0.675986 1.34338 -4.4678 -0.202599 0.112302 -0.14301 0.072685 -0.318883 -0.40264 
0.0217022 -0.126356 -3.36205 0.207184 -306.828 834.164 -0.0917078 -0.0493744 -0.201801 -0.0497166 0.120783 -0.352765 2.33595 -0.181358 0.397586 -0.0619684 2.67787 1.68152 0.864058 0.376079 -0.280885 -0.521148 0.671582 1.31252 -4.59707 -0.175403 0.110131 -0.130018 0.0719798 -0.340985 -0.374464 
0.0217296 -0.129515 -3.39907 -9.97509 -297.214 835.157 -0.0983551 -0.0405543 -0.176622 -0.0384163 0.133851 -0.365135 2.3386 -0.16359 0.402868 -0.0677838 2.69701 1.71903 0.830373 0.308417 -0.285683 -0.529033 0.668127 1.28115 -4.71457 -0.154186 0.107276 -0.102732 0.0783155 -0.36155 -0.321821 
0.0196061 -0.13471 -3.4353 -20.0782 -288.397 835.613 -0.101668 -0.0345669 -0.169065 -0.00587456 0.155672 -0.392213 2.35186 -0.192743 0.406502 -0.0680967 2.71327 1.75715 0.793577 0.243732 -0.286311 -0.537753 0.652854 1.24964 -4.87294 -0.141098 0.110724 -0.052595 0.0860104 -0.372119 -0.268596 
0.0207355 -0.138007 -3.45886 -24.7855 -280.664 836.88 -0.093062 -0.0481313 -0.179936 0.0248106 0.159786 -0.397102 2.36542 -0.180814 0.408268 -0.0663 2.72226 1.77383 0.770876 0.201325 -0.286003 -0.545126 0.634407 1.24153 -4.97881 -0.126212 0.11896 -0.0261018 0.0927384 -0.376648 -0.254391 
0.0188824 -0.140648 -3.47131 -31.4519 -274.779 838.876 -0.0727575 -0.110165 -0.175422 0.0678995 0.134103 -0.389453 2.37828 -0.161112 0.409381 -0.0669007 2.72916 1.78851 0.760625 0.176107 -0.288879 -0.551475 0.627405 1.2392 -5.01594 -0.0837944 0.130739 -0.0205647 0.101791 -0.381378 -0.245984 
0.0200529 -0.14451 -3.39297 -39.7397 -268.861 836.178 -0.0572136 -0.232319 -0.0721937 0.110202 -0.0148532 -0.129495 2.39405 -0.00530203 0.414642 -0.0728026 2.7023 1.79342 0.781287 0.194413 -0.28962 -0.541325 0.625588 1.24688 -5.17049 -0.0508829 0.134256 -0.13884 0.110918 -0.381121 -0.273437 
0.0215259 -0.148761 -3.34062 -49.3904 -264.495 833.516 -0.0566103 -0.289572 -0.018703 0.0573691 -0.105082 0.0233062 2.42222 0.0860804 0.417151 -0.0766017 2.69129 1.78466 0.810803 0.190245 -0.286139 -0.534221 0.61178 1.26657 -5.22933 -0.0476826 0.135844 -0.192955 0.119679 -0.385308 -0.275526 
0.0232482 -0.148865 -3.36975 -55.8216 -258.159 832.533 -0.0546737 -0.305967 -0.0192607 -0.00280043 -0.108205 0.0428055 2.41726 0.0520542 0.415013 -0.0774929 2.69911 1.78652 0.79746 0.182952 -0.286965 -0.533628 0.605732 1.27683 -5.22619 -0.0375692 0.1339 -0.175896 0.118385 -0.38703 -0.265034 
0.0248498 -0.14823 -3.39077 -60.019 -250.806 831.726 -0.0451571 -0.304018 -0.0113794 -0.0658633 -0.108006 0.0508311 2.42223 -0.00398499 0.416187 -0.0773667 2.70594 1.78386 0.79891 0.174528 -0.287361 -0.534315 0.596338 1.30236 -5.25138 -0.0188053 0.131378 -0.173856 0.109802 -0.390322 -0.278389 
0.0310535 -0.144185 -3.40649 -66.715 -246.346 831.479 -0.0510793 -0.313811 -0.00832255 -0.0776499 -0.115838 0.0595174 2.40488 -0.048831 0.416358 -0.0761212 2.71446 1.77174 0.782119 0.173539 -0.287902 -0.534587 0.586754 1.31881 -5.28684 -0.00236047 0.129226 -0.15343 0.108229 -0.3932 -0.290044 
0.0402142 -0.142647 -3.43722 -71.7381 -242.089 831.443 -0.061065 -0.326195 -0.0102336 -0.0584741 -0.12067 0.0672945 2.38674 -0.0903571 0.415762 -0.0760546 2.72641 1.77018 0.760266 0.158989 -0.288753 -0.537236 0.581842 1.32759 -5.32 0.0257086 0.125143 -0.137971 0.103584 -0.394943 -0.288867 
0.047708 -0.140878 -3.47461 -79.4466 -233.1 831.745 -0.0695038 -0.346161 -0.0243625 -0.0490917 -0.113452 0.0663896 2.4032 -0.112923 0.41384 -0.0750652 2.7391 1.79267 0.745433 0.140642 -0.287096 -0.536585 0.574461 1.33769 -5.33354 0.0486694 0.12696 -0.11295 0.0993616 -0.400874 -0.274122 
0.0541517 -0.140786 -3.52204 -88.4515 -221.962 831.937 -0.0743998 -0.372946 -0.0344542 -0.0307611 -0.100965 0.0620462 2.39123 -0.109377 0.411944 -0.0746966 2.75036 1.80408 0.738341 0.111827 -0.289928 -0.534661 0.574037 1.34747 -5.34624 0.0604198 0.124878 -0.0895905 0.1019 -0.400737 -0.268364 
0.0577951 -0.139049 -3.58346 -96.1757 -208.837 831.923 -0.0821618 -0.401425 -0.0293382 -0.0189668 -0.0821739 0.0627012 2.38597 -0.0995887 0.410838 -0.0718842 2.75916 1.80694 0.746566 0.0816375 -0.292035 -0.533867 0.580616 1.37126 -5.36447 0.0886987 0.119424 -0.0796319 0.115134 -0.396429 -0.252005 
0.0652275 -0.133855 -3.60631 -104.696 -195.276 830.338 -0.086531 -0.419575 -0.0180463 -0.0206072 -0.0821263 0.0596771 2.33394 -0.0772849 0.411404 -0.0729583 2.76301 1.79181 0.729177 0.0543247 -0.296051 -0.530785 0.579618 1.40462 -5.35 0.0931606 0.109693 -0.0703911 0.11496 -0.392122 -0.237608 
0.0712699 -0.12853 -3.61479 -112.086 -182.135 827.871 -0.0894097 -0.432021 0.00475367 -0.00896217 -0.0770679 0.0582525 2.31165 -0.0743974 0.411592 -0.0746217 2.76285 1.78018 0.715168 0.0312827 -0.297136 -0.530414 0.582787 1.42304 -5.31592 0.0959455 0.104377 -0.0630146 0.108877 -0.390308 -0.235772 
0.0781411 -0.124309 -3.62195 -121.903 -167.684 829.172 -0.090705 -0.448917 0.012872 0.00107071 -0.070978 0.045047 2.31982 -0.0855162 0.409595 -0.0764895 2.75543 1.79157 0.712795 0.0261007 -0.299041 -0.531118 0.578139 1.43277 -5.31005 0.115762 0.0979454 -0.0466847 0.107977 -0.39428 -0.217719 
0.0860571 -0.117045 -3.6317 -132.102 -151.21 828.385 -0.0919486 -0.47049 0.0296302 0.0264293 -0.0608228 0.0271081 2.34141 -0.109176 0.408524 -0.0782847 2.75473 1.79916 0.710912 0.0201674 -0.303305 -0.529764 0.579333 1.46403 -5.31149 0.141642 0.0856485 -0.0486977 0.111925 -0.395718 -0.199681 
0.0883364 -0.115845 -3.64143 -139.939 -134.351 827.119 -0.0813038 -0.487549 0.0270392 0.0307274 -0.047756 0.0108236 2.38236 -0.122435 0.408044 -0.0808799 2.76047 1.79656 0.728375 0.0325275 -0.301628 -0.521683 0.581245 1.50226 -5.27536 0.120245 0.0773729 -0.0584182 0.104079 -0.390952 -0.222838 
0.0897943 -0.116231 -3.65427 -147.853 -117.54 826.973 -0.077051 -0.507805 0.0117571 0.0316268 -0.0374224 -0.00207509 2.41376 -0.101727 0.406793 -0.0799861 2.77006 1.79998 0.727374 0.0442033 -0.297934 -0.513193 0.583498 1.553 -5.23355 0.0621535 0.0724261 -0.0638848 0.0996582 -0.379144 -0.25461 
0.0912176 -0.116806 -3.662 -155.823 -99.9361 827.926 -0.0660414 -0.521944 0.016409 0.0355835 -0.029689 -0.0223747 2.40176 -0.078118 0.40607 -0.0794548 2.7691 1.80508 0.733527 0.072431 -0.298648 -0.507472 0.59261 1.60664 -5.22127 0.00700526 0.0698153 -0.0683295 0.0974459 -0.375654 -0.263806 
0.0915473 -0.116236 -3.67713 -164.834 -83.7795 829.462 -0.0601497 -0.528655 0.0241651 0.0294303 -0.0218697 -0.0448825 2.41541 -0.0871431 0.404632 -0.0798888 2.77305 1.8052 0.730845 0.0640404 -0.297844 -0.503607 0.601805 1.635 -5.24155 -0.0106149 0.0693004 -0.0593057 0.0985603 -0.373938 -0.256073 
0.0914842 -0.114466 -3.70837 -173.266 -68.2136 832.165 -0.0587988 -0.522895 0.00745272 -0.00222509 -0.0135771 -0.0686386 2.46998 -0.103937 0.404342 -0.0748866 2.7868 1.82376 0.747373 0.0502556 -0.28583 -0.501428 0.608682 1.67606 -5.26383 -0.057879 0.0692202 -0.0480483 0.0888179 -0.362034 -0.28092 
0.0903391 -0.112195 -3.75426 -181.865 -53.3472 835.316 -0.0679211 -0.523974 -0.0213986 -0.0250856 -0.00558572 -0.0780776 2.53082 -0.0777756 0.40589 -0.0731374 2.79217 1.8474 0.741306 0.0580272 -0.272269 -0.493041 0.598426 1.74337 -5.26546 -0.0965935 0.0682728 -0.0465786 0.0662753 -0.336778 -0.318889 
0.0905028 -0.11097 -3.78083 -187.999 -38.0623 837.824 -0.0684202 -0.50948 -0.0553317 -0.0748772 0.00228796 -0.0890968 2.55745 -0.0625727 0.406265 -0.0709209 2.79239 1.8588 0.733579 0.0657039 -0.265039 -0.491383 0.597481 1.7705 -5.26073 -0.112843 0.0689075 -0.0438771 0.052091 -0.326557 -0.343448 
0.0911631 -0.109004 -3.8241 -190.682 -20.6962 840.189 -0.0657426 -0.483523 -0.0862604 -0.140604 0.0185336 -0.101077 2.56547 -0.0615374 0.407013 -0.0691532 2.79197 1.85814 0.733837 0.0877498 -0.263216 -0.490935 0.589417 1.79057 -5.2604 -0.101086 0.0670605 -0.0194723 0.0407631 -0.325413 -0.348114 
0.090336 -0.100695 -3.86201 -192.436 -6.72608 842.893 -0.0717337 -0.432301 -0.109646 -0.255716 0.025016 -0.0940744 2.54946 -0.0412901 0.409834 -0.0689032 2.79293 1.86281 0.739711 0.0994005 -0.267573 -0.491486 0.582988 1.82444 -5.26836 -0.0883932 0.0654423 0.00698792 0.0315741 -0.330286 -0.331106 
0.0880466 -0.0948651 -3.89975 -194.235 8.82654 845.322 -0.0692054 -0.38177 -0.120197 -0.380959 0.0360618 -0.0955434 2.55175 -0.0263519 0.413651 -0.0696355 2.79196 1.87642 0.741382 0.117077 -0.270954 -0.493395 0.569335 1.85755 -5.29889 -0.0886411 0.0614395 0.0362388 0.0296483 -0.338706 -0.304978 
0.0845431 -0.0897482 -3.93787 -194.78 22.4495 849.02 -0.0627831 -0.338825 -0.135086 -0.464224 0.043769 -0.0915412 2.54434 0.0106489 0.416381 -0.0691213 2.79331 1.89904 0.740435 0.141828 -0.273747 -0.500308 0.555898 1.89031 -5.34205 -0.096967 0.0592008 0.0618733 0.0264614 -0.348176 -0.291362 
0.0811907 -0.0857383 -3.98537 -195.178 37.4936 853.655 -0.0519968 -0.297142 -0.108642 -0.549308 0.0524018 -0.0864177 2.52134 0.0504832 0.417289 -0.0688703 2.79323 1.90838 0.7314 0.152023 -0.272978 -0.503126 0.556962 1.90691 -5.37837 -0.12006 0.0576968 0.0884933 0.0279199 -0.35263 -0.280493 
0.0833944 -0.0825879 -4.02785 -196.481 50.6782 857.72 -0.0457642 -0.245504 -0.0834348 -0.625635 0.0489237 -0.0879395 2.47985 0.076263 0.418506 -0.0698488 2.80031 1.91208 0.730067 0.152273 -0.272588 -0.503887 0.545787 1.94099 -5.39081 -0.119794 0.0514967 0.0979474 0.0346851 -0.356497 -0.270962 
0.0770563 -0.0818223 -4.07632 -197.179 68.3667 860.834 -0.0248756 -0.212802 -0.0701606 -0.647073 0.0594259 -0.103913 2.4727 0.0879935 0.420363 -0.0695325 2.79345 1.94262 0.747403 0.192348 -0.267456 -0.502848 0.54006 1.93702 -5.38501 -0.14155 0.0494267 0.112346 0.0575843 -0.34737 -0.300112 
0.068196 -0.0812347 -4.10677 -197.499 83.673 865.855 -0.000651611 -0.156904 -0.0838272 -0.653482 0.0781155 -0.123709 2.57398 0.0719214 0.419141 -0.0689143 2.80933 1.96042 0.725697 0.189463 -0.261642 -0.507863 0.515163 1.96505 -5.45007 -0.148793 0.0499898 0.127539 0.0574087 -0.329204 -0.281548 
0.0626396 -0.0802769 -4.14159 -197.937 97.868 870.037 0.0181186 -0.11414 -0.117728 -0.621767 0.09244 -0.129 2.66349 0.0627523 0.417259 -0.0695732 2.82603 1.98604 0.693802 0.20581 -0.256251 -0.512087 0.491408 1.97828 -5.49042 -0.157346 0.0525969 0.142448 0.0524402 -0.314757 -0.259147 
0.056772 -0.0791171 -4.18415 -196.716 110.328 873.018 0.0320837 -0.0698472 -0.161166 -0.600692 0.104115 -0.122149 2.71965 0.0775814 0.415256 -0.0686598 2.83421 1.97227 0.69583 0.189898 -0.252886 -0.514051 0.477464 1.99373 -5.47025 -0.180156 0.0509577 0.175616 0.0417861 -0.3197 -0.251575 
0.0521545 -0.0791069 -4.2473 -197.601 124.305 874.55 0.0276088 -0.00136817 -0.230972 -0.612367 0.107976 -0.129808 2.75083 0.0635918 0.414704 -0.0634367 2.84801 1.97836 0.711304 0.177824 -0.254767 -0.515037 0.45771 2.01615 -5.4456 -0.197906 0.0438206 0.218464 0.0281071 -0.336838 -0.254166 
0.0489224 -0.0812495 -4.27175 -195.942 138.868 876.257 0.0262347 0.0970446 -0.28186 -0.672677 0.128346 -0.183627 2.6982 -0.00333392 0.417354 -0.0631888 2.85109 2.00254 0.661403 0.185673 -0.257157 -0.517832 0.421616 2.02888 -5.49841 -0.178206 0.0469295 0.22203 0.0276064 -0.335051 -0.239844 
0.0431688 -0.0818223 -4.32495 -195.341 150.865 877.697 0.00968248 0.141429 -0.311406 -0.556436 0.142102 -0.211034 2.64511 0.0270206 0.418235 -0.0643108 2.84466 2.02265 0.658372 0.237994 -0.258248 -0.52406 0.406043 2.05238 -5.4567 -0.188094 0.048244 0.251516 0.0149614 -0.334442 -0.24997 
0.0315061 -0.0796012 -4.3934 -195.475 157.956 879.009 -0.00344413 0.16442 -0.314106 -0.399266 0.163105 -0.20209 2.65014 0.0980654 0.415535 -0.0622612 2.84599 2.02198 0.704744 0.257243 -0.257595 -0.521457 0.433108 2.06144 -5.40203 -0.228936 0.0440895 0.297951 -0.00318975 -0.344756 -0.258583 
0.0283256 -0.0779924 -4.40518 -196.278 168.763 880.339 -0.00496245 0.19041 -0.319433 -0.335021 0.164579 -0.208233 2.62849 0.0917993 0.41502 -0.0571495 2.85268 2.03013 0.669771 0.249562 -0.257586 -0.523643 0.427403 2.06094 -5.3986 -0.23147 0.0428034 0.339999 -0.00795021 -0.353475 -0.296108 
0.0265491 -0.0762436 -4.4238 -198.223 176.578 881.394 -0.00496658 0.226339 -0.325593 -0.295061 0.156395 -0.210643 2.66932 0.099685 0.41341 -0.0528424 2.85476 2.02803 0.704574 0.24179 -0.255077 -0.523529 0.437039 2.06017 -5.34147 -0.242739 0.0408291 0.372319 -0.0129259 -0.367876 -0.316097 
0.0265272 -0.0744242 -4.42031 -198.558 185.549 882.699 -0.00965623 0.248516 -0.307365 -0.206611 0.152771 -0.2189 2.64012 0.0864862 0.413263 -0.0557986 2.85602 2.04998 0.675035 0.258996 -0.256429 -0.525054 0.425754 2.06203 -5.35613 -0.232723 0.0441451 0.360617 -0.00543367 -0.366047 -0.310049 
0.0272923 -0.0725523 -4.40211 -200.135 193.751 883.677 -0.0247702 0.267038 -0.28769 -0.0923947 0.152464 -0.22793 2.60805 0.0738406 0.413502 -0.0598524 2.86288 2.07887 0.609592 0.285536 -0.261229 -0.526844 0.409683 2.06615 -5.36785 -0.185409 0.0498043 0.336037 0.00697531 -0.360989 -0.311579 
0.0285097 -0.0689877 -4.38073 -201.93 205.243 884.788 -0.0501468 0.278787 -0.299376 -0.0171847 0.154698 -0.241251 2.5723 0.0709024 0.412437 -0.0633642 2.87139 2.09778 0.558336 0.283805 -0.265744 -0.525899 0.391483 2.05701 -5.32715 -0.127587 0.054325 0.288783 0.01385 -0.347945 -0.308583 
0.0258115 -0.0658724 -4.37251 -202.655 217.457 885.637 -0.0734087 0.283316 -0.293067 0.0370384 0.170034 -0.259175 2.54417 0.0568369 0.410913 -0.0645771 2.87642 2.10944 0.52529 0.28168 -0.270482 -0.527519 0.383868 2.04834 -5.31169 -0.0876811 0.0574964 0.282557 0.0153803 -0.339567 -0.292235 
0.0257006 -0.0657195 -4.37161 -204.432 229.397 885.887 -0.0968967 0.271482 -0.285888 0.105371 0.180247 -0.277147 2.54937 0.0386139 0.411516 -0.064975 2.88448 2.1154 0.49639 0.282934 -0.274128 -0.529023 0.377217 2.0531 -5.31665 -0.0619627 0.0583598 0.266314 0.0199112 -0.341605 -0.282491 
0.0244216 -0.0612914 -4.41354 -203.278 241.774 884.921 -0.103059 0.261436 -0.287434 0.152482 0.168489 -0.27412 2.56298 0.0626442 0.412467 -0.0656307 2.89367 2.11194 0.447291 0.257255 -0.274755 -0.52861 0.368328 2.05033 -5.30354 -0.0496734 0.0552734 0.279049 0.0255312 -0.344405 -0.278946 
0.0250027 -0.0547195 -4.46471 -204.551 255.091 882.929 -0.112276 0.252984 -0.31972 0.170604 0.144464 -0.272819 2.52374 0.0849184 0.413341 -0.0720353 2.90023 2.1133 0.37029 0.256496 -0.277581 -0.531642 0.369844 2.04625 -5.33529 -0.0586599 0.0495106 0.322847 0.0239627 -0.346226 -0.260443 
0.0251214 -0.0558753 -4.49741 -204.391 272.838 881.53 -0.118836 0.227132 -0.307301 0.173655 0.143483 -0.294401 2.48001 0.0739173 0.415684 -0.0764166 2.90509 2.1228 0.350582 0.26702 -0.278128 -0.535607 0.367872 2.03863 -5.36993 -0.064001 0.0485599 0.343963 0.0257901 -0.35588 -0.261358 
0.0238469 -0.0570596 -4.51039 -206.694 291.104 880.338 -0.133961 0.205088 -0.306077 0.135829 0.147012 -0.313383 2.46118 0.0670697 0.416704 -0.07755 2.90872 2.12785 0.337639 0.275244 -0.279434 -0.533704 0.358618 2.03986 -5.37774 -0.0620495 0.0469697 0.344383 0.0200838 -0.361594 -0.250379 
0.0243291 -0.0590177 -4.53131 -207.769 309.038 876.308 -0.142574 0.17935 -0.279085 0.138737 0.145071 -0.344005 2.43162 0.0386086 0.422885 -0.0729316 2.91228 2.13632 0.295347 0.266185 -0.27925 -0.538913 0.352279 2.04903 -5.47846 -0.0765958 0.03983 0.364 0.0311204 -0.375765 -0.247271 
0.0199355 -0.0586528 -4.53928 -207.933 329.27 872.529 -0.142704 0.16316 -0.271119 0.132491 0.15298 -0.361791 2.39827 0.0418899 0.42618 -0.0696605 2.92021 2.14006 0.221088 0.252839 -0.280558 -0.538881 0.33696 2.0664 -5.58493 -0.0883442 0.0320786 0.367916 0.0361582 -0.385455 -0.200237 
0.0148934 -0.0629309 -4.56486 -208.435 350.531 869.602 -0.139669 0.149933 -0.271586 0.108423 0.148721 -0.378178 2.3937 0.0648615 0.425436 -0.0669527 2.94417 2.16033 0.14305 0.27718 -0.285279 -0.535205 0.320333 2.07959 -5.71436 -0.0772445 0.0284454 0.371313 0.0458348 -0.390593 -0.143402 
0.0112315 -0.0662305 -4.56386 -207.873 370.757 867.31 -0.136232 0.143944 -0.286466 0.0834703 0.15088 -0.393529 2.39103 0.0957552 0.427535 -0.0614987 2.95036 2.16433 0.0832436 0.28258 -0.287542 -0.536719 0.310731 2.07699 -5.86669 -0.050407 0.0267031 0.369079 0.0506495 -0.398119 -0.119777 
0.00970193 -0.0685382 -4.56341 -209.049 387.965 867.956 -0.138448 0.148861 -0.289974 0.0307799 0.145053 -0.397292 2.42384 0.12648 0.429205 -0.0622482 2.94937 2.16661 0.0933209 0.294377 -0.287946 -0.538439 0.311942 2.07151 -5.84928 -0.0126903 0.0301729 0.355873 0.0477049 -0.405797 -0.105721 
0.0106934 -0.0699085 -4.55148 -212.8 405.353 867.651 -0.154628 0.156305 -0.322196 -0.0473172 0.132159 -0.406937 2.43908 0.142691 0.432167 -0.0596798 2.94359 2.1555 0.0851072 0.299747 -0.285888 -0.540157 0.308044 2.06889 -5.88883 0.0449557 0.0268956 0.329602 0.0547289 -0.413072 -0.0961952 
