0.0884033 0.0106434 0.920644 139.433 942.7 867.741 -0.112088 -0.19399 -0.140846 -0.0988513 -0.14747 0.202439 2.72684 0.0838112 0.361716 -0.140028 1.83766 0.312196 1.39007 0.857956 -0.332414 -0.512163 0.850906 1.7128 -0.731306 0.451496 0.0911291 -0.0776176 0.143046 -0.0308538 0.37898 
0.0910529 0.00809114 0.908138 152.876 945.244 867.427 -0.114279 -0.200205 -0.141801 -0.124429 -0.135511 0.197285 2.70227 0.115224 0.361925 -0.136823 1.83573 0.318174 1.38729 0.860822 -0.332986 -0.512949 0.834689 1.70985 -0.713453 0.434544 0.0875355 -0.0762246 0.1375 -0.0399597 0.387926 
0.0972898 0.00415358 0.883245 165.929 949.751 867.099 -0.115559 -0.208186 -0.177225 -0.152777 -0.132194 0.191937 2.72438 0.154557 0.363906 -0.132718 1.83078 0.329621 1.37351 0.864582 -0.334392 -0.511324 0.8263 1.70879 -0.709692 0.416492 0.0817427 -0.0718572 0.134168 -0.0467756 0.396018 
0.104521 0.00266892 0.862122 176.29 948.526 864.844 -0.116363 -0.201062 -0.188359 -0.184702 -0.129314 0.194774 2.75555 0.149846 0.364873 -0.125121 1.81701 0.323157 1.35203 0.870804 -0.336535 -0.514507 0.802485 1.69153 -0.680556 0.395146 0.0882142 -0.0652265 0.131753 -0.0525467 0.406982 
0.110403 -0.000273311 0.817551 188.49 948.878 860.101 -0.118461 -0.219478 -0.218514 -0.177964 -0.116803 0.190482 2.73938 0.154171 0.364366 -0.118684 1.81401 0.303565 1.34026 0.86732 -0.336954 -0.517258 0.794129 1.66136 -0.666662 0.396048 0.0958415 -0.0355676 0.134063 -0.0544699 0.411329 
0.101334 -0.000236506 0.723424 204.594 950.912 856.699 -0.124395 -0.234351 -0.22679 -0.181501 -0.0780732 0.186544 2.71133 0.148509 0.364846 -0.118871 1.82084 0.2981 1.3253 0.882961 -0.333821 -0.514783 0.780213 1.64846 -0.685042 0.419893 0.095676 0.0302838 0.129198 -0.0574059 0.377345 
0.102393 -0.00290565 0.644655 219.515 953.908 853.467 -0.147305 -0.221027 -0.24486 -0.254403 -0.0571325 0.175739 2.70773 0.113692 0.364789 -0.122192 1.8208 0.296825 1.33001 0.868291 -0.332721 -0.509444 0.768163 1.65236 -0.711222 0.434631 0.0912702 0.0654941 0.12659 -0.0556073 0.339378 
0.106639 -0.00875048 0.628629 234.39 959.472 851.498 -0.151612 -0.187715 -0.260525 -0.371075 -0.0622344 0.157166 2.73911 0.145792 0.367147 -0.121709 1.81803 0.297959 1.31815 0.878165 -0.334609 -0.506861 0.765383 1.659 -0.740286 0.419424 0.0852563 0.0547266 0.121205 -0.0521859 0.358367 
0.112798 -0.0126606 0.609792 249.686 964.508 849.543 -0.149254 -0.152362 -0.272447 -0.50049 -0.0654427 0.139938 2.75326 0.156391 0.368511 -0.115987 1.82921 0.304008 1.32202 0.889024 -0.335968 -0.507614 0.759033 1.64838 -0.771551 0.373197 0.0811063 0.057948 0.109334 -0.0503408 0.402895 
0.124076 -0.0132711 0.589972 261.195 968.647 851.223 -0.151343 -0.128878 -0.275369 -0.559974 -0.0821688 0.136012 2.72818 0.177722 0.368734 -0.109526 1.86163 0.328192 1.32575 0.881571 -0.334596 -0.50738 0.73527 1.6197 -0.790001 0.351496 0.0843956 0.0834085 0.084237 -0.0675024 0.371813 
0.139539 -0.00502536 0.597197 263.021 970.078 853.903 -0.152158 -0.0592408 -0.245509 -0.691657 -0.108279 0.155978 2.72908 0.213934 0.373082 -0.109898 1.91548 0.398227 1.27367 0.943725 -0.333994 -0.50588 0.721491 1.59738 -0.733995 0.281717 0.0912959 0.0973965 0.0619954 -0.0781824 0.349983 
0.149487 0.00137691 0.589014 265.288 971.586 853.408 -0.150164 -0.0122644 -0.21861 -0.767091 -0.135905 0.180878 2.71458 0.281269 0.374501 -0.113537 1.92845 0.423913 1.25771 0.984678 -0.330067 -0.503552 0.715622 1.57672 -0.671686 0.245071 0.0953789 0.0890964 0.0512371 -0.0744348 0.339494 
0.151561 0.00780049 0.586248 274.241 968.976 855.388 -0.134882 0.0428207 -0.204839 -0.841677 -0.132016 0.181347 2.72937 0.309559 0.373435 -0.114401 1.94662 0.444783 1.26528 1.01616 -0.33179 -0.503436 0.698543 1.55252 -0.620769 0.271869 0.0950278 0.0827794 0.0540211 -0.0853418 0.333039 
0.152101 0.00552996 0.633657 285.424 960.707 855.508 -0.109221 0.0898812 -0.250507 -0.875642 -0.119767 0.196796 2.70132 0.357132 0.367979 -0.108149 1.98001 0.44195 1.26803 1.05263 -0.334671 -0.502666 0.674488 1.52834 -0.639477 0.302971 0.0914094 0.0250665 0.0580262 -0.086505 0.32026 
0.127256 -0.018501 0.705077 310.438 953.483 858.045 -0.0457838 0.0735171 -0.393111 -0.707974 -0.056913 0.0939921 2.54156 0.26497 0.365091 -0.10537 2.0339 0.449062 1.21719 1.06901 -0.341484 -0.511489 0.66075 1.44863 -0.647063 0.310751 0.100476 -0.0319347 0.0740399 -0.117786 0.290063 
0.12509 -0.0222917 0.702535 322.709 948.192 860.792 -0.0251828 0.0708716 -0.40203 -0.568726 -0.0299664 0.0762556 2.52425 0.20915 0.363713 -0.110778 2.06885 0.475119 1.17555 1.04172 -0.341989 -0.514829 0.641292 1.42408 -0.611196 0.322824 0.0943919 -0.0433209 0.073216 -0.143218 0.279962 
0.126628 -0.0179946 0.692275 331.75 947.241 861.544 -0.0259989 0.0633058 -0.437271 -0.512246 -0.0181173 0.0935422 2.52466 0.174257 0.364598 -0.11244 2.08621 0.494878 1.17212 1.04062 -0.343906 -0.517557 0.625024 1.43316 -0.590874 0.323866 0.0878008 -0.0609181 0.061155 -0.149028 0.29756 
0.127325 -0.0165736 0.638845 342.436 948.332 859.795 -0.0230661 0.016058 -0.424326 -0.417804 9.73862e-05 0.0817621 2.52282 0.153191 0.36395 -0.114547 2.09434 0.512294 1.15564 1.00397 -0.341194 -0.51507 0.610598 1.42506 -0.597232 0.280817 0.0906653 -0.0397223 0.0583968 -0.145206 0.295117 
0.128371 -0.0137004 0.633755 349.141 947.429 859.71 -0.0337802 0.0230796 -0.459732 -0.385801 -0.000582362 0.0816813 2.57135 0.1653 0.365017 -0.114855 2.11624 0.538546 1.12314 0.974038 -0.342835 -0.5208 0.607682 1.43931 -0.550715 0.248419 0.089769 -0.0754369 0.0545087 -0.14636 0.286142 
0.130055 -0.0159121 0.676315 355.794 948.941 860.178 -0.0601888 0.0399144 -0.535423 -0.400327 -0.00139081 0.0672603 2.57793 0.14914 0.364742 -0.117247 2.13768 0.547788 1.13648 0.976828 -0.345328 -0.53136 0.598059 1.47222 -0.442422 0.165996 0.0828753 -0.137046 0.0201727 -0.142462 0.276197 
0.0795056 0.0148548 1.06051 193.475 969.167 867.258 -0.132606 -0.157746 -0.146753 0.0536826 -0.19687 0.220631 2.70009 0.240456 0.360679 -0.144652 1.83407 0.3419 1.38814 0.815187 -0.335013 -0.511763 0.852008 1.66396 -0.771896 0.458591 0.103489 -0.079275 0.139207 -0.0410035 0.387313 
0.0742699 0.0203696 1.05871 233.953 984.217 868.125 -0.164018 0.0516147 -0.142517 0.271545 -0.217965 0.208523 2.6698 0.36104 0.357099 -0.150548 1.82603 0.39295 1.3917 0.750829 -0.342249 -0.508713 0.820717 1.62991 -0.689341 0.4297 0.103035 -0.0619434 0.127434 -0.061227 0.416101 
0.0927702 0.0186882 1.03513 269.793 957.39 865.543 -0.159996 0.114771 -0.156975 0.336922 -0.186747 0.208378 2.61276 0.364452 0.363405 -0.15097 1.82469 0.404986 1.40339 0.677241 -0.336689 -0.503154 0.785598 1.56354 -0.750585 0.46619 0.109376 -0.0612691 0.145143 -0.0461318 0.42268 
0.106804 0.0134665 0.972472 298.981 937.124 865.152 -0.157551 0.198013 -0.187877 0.36356 -0.135437 0.186977 2.58303 0.362649 0.36843 -0.147555 1.82553 0.409772 1.40036 0.599676 -0.33305 -0.498424 0.755666 1.47865 -0.761683 0.499283 0.113144 -0.090141 0.158643 -0.0448763 0.415963 
0.105043 0.0107355 0.893764 314.68 937.933 864.28 -0.168784 0.255137 -0.201176 0.334448 -0.118896 0.186016 2.54587 0.428596 0.367735 -0.151373 1.81673 0.412296 1.33343 0.526401 -0.331925 -0.498286 0.716749 1.43329 -0.797989 0.559662 0.112944 -0.0887909 0.15932 -0.0366237 0.406443 
0.100759 0.00210529 0.869743 324.368 930.597 862.655 -0.175292 0.299316 -0.243348 0.270786 -0.102242 0.194299 2.55869 0.472212 0.369317 -0.156712 1.82829 0.413853 1.31538 0.547084 -0.344854 -0.490959 0.688336 1.36302 -0.763581 0.616365 0.124297 -0.060854 0.154519 -0.0476134 0.357487 
0.0937961 0.00495011 0.792379 342.412 937.295 861.247 -0.159814 0.234262 -0.199619 0.44747 -0.0832817 0.174441 2.5437 0.5036 0.365387 -0.158411 1.80123 0.403363 1.29419 0.390558 -0.340726 -0.499717 0.66796 1.38508 -0.832114 0.633573 0.105071 -0.0532684 0.158173 -0.0342098 0.410498 
0.127818 0.0365881 0.403983 360.197 911.407 861.204 -0.0998926 0.231363 -0.158809 0.653813 -0.0382268 0.210966 2.55858 0.36402 0.351424 -0.141922 1.75096 0.454274 1.37797 0.817101 -0.332451 -0.496548 0.633197 1.3862 -0.680486 0.513755 0.112992 -0.285123 0.212858 0.000817079 0.255997 
0.128461 0.0384748 0.325903 373.78 919.95 862.249 -0.0820299 0.277563 -0.161019 0.562823 -0.0129392 0.188756 2.57029 0.392819 0.351334 -0.141293 1.77046 0.437947 1.38096 0.903077 -0.336384 -0.496647 0.632362 1.37948 -0.704816 0.482815 0.118952 -0.343245 0.222184 0.00750226 0.231556 
0.124031 0.0336201 0.222159 396.413 939.24 866.227 -0.0836694 0.367588 -0.0902855 0.318693 9.96225e-05 0.130911 2.62089 0.31391 0.349598 -0.136193 1.7664 0.445421 1.38064 0.911268 -0.337865 -0.49962 0.638275 1.37742 -0.688062 0.47171 0.118301 -0.357786 0.239982 0.0327907 0.236395 
0.111594 0.0231707 0.158967 409.739 945.238 868.22 -0.050482 0.399787 -0.0322859 0.0672837 0.0245198 0.0779209 2.68915 0.221716 0.344076 -0.142071 1.79649 0.418898 1.34114 0.919065 -0.342158 -0.490895 0.649961 1.40903 -0.669828 0.446269 0.118566 -0.370854 0.204204 0.0342968 0.247855 
0.0932502 0.0167536 0.104092 415.063 948.622 871.236 -0.0414702 0.446552 -0.0154387 -0.0717586 0.025471 0.0715914 2.71909 0.263289 0.341803 -0.140945 1.79964 0.391604 1.28687 0.94402 -0.340188 -0.484512 0.658331 1.4249 -0.63421 0.413123 0.117129 -0.370539 0.181432 0.0295961 0.235956 
0.0797554 0.018659 0.0725012 424.146 947.845 874.401 -0.0338725 0.468027 -0.0201997 -0.138946 0.0339963 0.0689667 2.73484 0.282085 0.342903 -0.140365 1.80292 0.384092 1.28367 0.963915 -0.333824 -0.483756 0.672571 1.41527 -0.612822 0.370373 0.114142 -0.378315 0.183432 0.030051 0.219328 
0.0767917 0.0154921 0.0617891 432.274 949.669 874.636 -0.0524408 0.479041 -0.0119694 -0.163101 0.0404172 0.0624439 2.76842 0.285989 0.340764 -0.139565 1.81537 0.365984 1.26901 0.981873 -0.333501 -0.483483 0.678452 1.37758 -0.578793 0.340351 0.113079 -0.385819 0.183576 0.0335135 0.216822 
0.0704131 0.0133811 0.0527113 438.987 952.702 874.372 -0.074806 0.481528 -0.0377734 -0.154306 0.0438321 0.0643178 2.75582 0.287261 0.340361 -0.141458 1.8343 0.36511 1.26708 1.04242 -0.336095 -0.479628 0.689965 1.36638 -0.584863 0.318762 0.104724 -0.380225 0.18831 0.0322443 0.211186 
0.0567183 0.00779581 0.099087 445.771 947.759 877.042 -0.0988388 0.492737 0.0139012 -0.189706 0.0706916 0.043216 2.81521 0.275948 0.334641 -0.133835 1.83546 0.351268 1.21184 1.07892 -0.335153 -0.483454 0.688283 1.29121 -0.567585 0.337312 0.103837 -0.406071 0.18921 0.0367896 0.200925 
0.0511445 -0.0015336 0.123751 453.142 947.052 877.76 -0.120993 0.490154 0.0802373 -0.223084 0.0850091 0.0404831 2.89073 0.302223 0.331331 -0.130841 1.82519 0.333472 1.14944 1.06738 -0.330768 -0.48596 0.68668 1.21971 -0.565456 0.328741 0.108329 -0.457203 0.185469 0.0548421 0.185864 
0.0450933 -0.0094412 0.12779 460.385 947.312 876.451 -0.137571 0.482735 0.0825819 -0.235876 0.0947393 0.039501 2.92926 0.352699 0.332742 -0.133182 1.83244 0.328978 1.13244 1.08889 -0.327313 -0.482866 0.691199 1.21037 -0.598582 0.333416 0.118294 -0.489416 0.16369 0.06723 0.171923 
0.0402694 -0.0164551 0.10811 469.026 946.021 874.742 -0.146277 0.465802 0.0842442 -0.231116 0.0985679 0.0342572 2.92808 0.388186 0.334764 -0.137481 1.83987 0.351556 1.14499 1.08417 -0.32742 -0.483159 0.699209 1.21943 -0.646689 0.339633 0.127832 -0.493235 0.154858 0.0578478 0.151925 
0.0334083 -0.0238853 0.118383 477.84 943.589 874.159 -0.149789 0.449729 0.123946 -0.264109 0.116481 0.00400758 2.93445 0.363682 0.338472 -0.140601 1.82645 0.381789 1.20118 1.05448 -0.324888 -0.485217 0.705018 1.21354 -0.700334 0.320326 0.13421 -0.540967 0.149462 0.0525429 0.0677469 
0.0887053 0.00442891 1.05538 228.439 971.137 863.496 -0.108718 -0.147684 -0.104221 0.0691812 -0.258618 0.190738 2.71726 0.161491 0.358 -0.127966 1.86064 0.305143 1.35812 0.785565 -0.339038 -0.509936 0.847533 1.69024 -0.725645 0.480379 0.0909248 -0.138733 0.128439 -0.0438114 0.381031 
0.0918894 4.32666e-06 1.06312 277.841 975.067 864.233 -0.12453 -0.0911671 -0.117381 0.20314 -0.258099 0.165632 2.69771 0.262414 0.358521 -0.127451 1.8651 0.302246 1.34509 0.734849 -0.3387 -0.50842 0.832066 1.67677 -0.704945 0.503795 0.0924666 -0.162778 0.127928 -0.0518695 0.394378 
0.123691 0.002993 0.94186 347.545 979.173 861.53 -0.119041 -0.0477731 -0.246817 0.118615 -0.324413 0.104022 2.71741 -0.0932932 0.361123 -0.134424 1.88981 0.330705 1.29812 0.72225 -0.345215 -0.49469 0.845705 1.50039 -0.672359 0.506446 0.0773172 -0.130333 0.125029 -0.0544627 0.363642 
0.114332 0.00469305 0.926066 386.116 963.499 860.078 -0.157232 -0.0247541 -0.245143 0.0492996 -0.29671 0.0752811 2.71864 -0.101219 0.360643 -0.13928 1.89908 0.338316 1.29037 0.688514 -0.349661 -0.498869 0.837675 1.45072 -0.710056 0.575733 0.0758547 -0.140753 0.134195 -0.0513492 0.372035 
0.111918 0.0116168 0.942442 415.81 949.667 863.85 -0.207636 0.00935397 -0.223652 -0.0296807 -0.237111 0.0450559 2.64515 -0.0305776 0.363645 -0.140368 1.89434 0.293774 1.31656 0.669766 -0.349062 -0.500337 0.793777 1.44663 -0.787552 0.655153 0.0676483 -0.128925 0.135531 -0.0413412 0.4254 
0.126408 0.0275566 0.969947 427.882 923.919 864.45 -0.216695 0.0946978 -0.242095 -0.150419 -0.246151 0.116941 2.61853 0.135707 0.360158 -0.142637 1.85609 0.269918 1.30443 0.562395 -0.354356 -0.505915 0.762272 1.43521 -0.814489 0.726231 0.0945713 -0.136696 0.131682 -0.0535176 0.465364 
0.120415 0.0441325 0.950369 440.071 909.929 867.079 -0.222185 0.142913 -0.270249 -0.241317 -0.252663 0.181807 2.61717 0.225399 0.361184 -0.141677 1.82831 0.290198 1.32139 0.519825 -0.357011 -0.521076 0.738274 1.47678 -0.866201 0.816832 0.115719 -0.166398 0.141487 -0.0900943 0.477542 
0.120541 0.0458853 0.89574 459.586 907.337 868.435 -0.221343 0.113175 -0.303708 -0.255048 -0.234937 0.182771 2.61284 0.203352 0.361962 -0.146122 1.80363 0.291323 1.31158 0.460449 -0.356555 -0.523 0.721753 1.49268 -0.868151 0.863938 0.127399 -0.193454 0.146213 -0.0946902 0.474822 
0.113669 0.0443713 0.757455 483.453 901.502 869.956 -0.228067 0.101769 -0.392078 -0.303959 -0.213223 0.208191 2.55675 0.226066 0.362366 -0.162786 1.79113 0.303535 1.32022 0.392836 -0.348151 -0.519368 0.712148 1.47995 -0.787581 0.931706 0.156906 -0.283042 0.155317 -0.0781873 0.470091 
0.115153 0.042053 0.703555 501.68 895.974 871.556 -0.245294 0.0887152 -0.440415 -0.389199 -0.193196 0.209698 2.55295 0.224829 0.363155 -0.167183 1.79155 0.291096 1.31723 0.36381 -0.347361 -0.51746 0.711045 1.4807 -0.784939 0.942385 0.165049 -0.313876 0.154647 -0.0747361 0.505412 
0.111706 0.0424791 0.523845 530.94 885.185 875.456 -0.236676 0.0574786 -0.416368 -0.413103 -0.137992 0.261208 2.56043 0.224649 0.3645 -0.159848 1.82443 0.225591 1.35736 0.475748 -0.346422 -0.522674 0.742772 1.46499 -0.836767 0.982543 0.169413 -0.356781 0.137131 -0.0807731 0.497402 
0.10097 0.0319008 0.314873 567.581 874.337 879.781 -0.244804 0.00494651 -0.43867 -0.48995 -0.0530321 0.321036 2.59773 0.276786 0.365155 -0.154583 1.8651 0.196182 1.38781 0.590142 -0.33451 -0.53334 0.766736 1.46837 -0.885909 1.03388 0.184614 -0.37423 0.134527 -0.0778052 0.47406 
0.0715267 0.0231343 0.103772 588.104 864.924 880.368 -0.229899 -0.0167144 -0.447058 -0.512376 -0.00548241 0.340157 2.66669 0.378464 0.366885 -0.149858 1.89756 0.186066 1.36271 0.695419 -0.326413 -0.535732 0.794639 1.4447 -0.85611 1.03053 0.193683 -0.487548 0.15733 -0.0570954 0.427379 
0.0473383 0.0282604 0.00108502 610.458 871.921 879.814 -0.243491 -0.0427019 -0.462602 -0.490711 0.0500338 0.363786 2.65324 0.431826 0.365929 -0.140274 1.91119 0.200122 1.34971 0.785499 -0.330629 -0.537465 0.792935 1.40791 -0.886398 0.976053 0.194648 -0.520376 0.151083 -0.0513083 0.463069 
0.0241706 0.0138209 -0.108562 626.258 871.091 879.183 -0.299273 -0.057632 -0.522976 -0.577535 0.00300106 0.354513 2.56747 0.543617 0.369832 -0.138726 1.92163 0.282927 1.44861 0.719822 -0.328011 -0.559097 0.808696 1.37247 -0.766111 0.995869 0.21613 -0.593015 0.161419 -0.038947 0.357548 
0.00849687 0.0102692 -0.146937 641.829 861.734 877.058 -0.313868 -0.0684927 -0.579871 -0.623647 0.00667919 0.354769 2.56978 0.612576 0.373476 -0.132969 1.91425 0.296306 1.56136 0.688835 -0.326089 -0.568438 0.809459 1.33966 -0.748858 0.992801 0.221121 -0.60584 0.162377 -0.0319085 0.330506 
0.0043364 0.0147223 -0.135955 649.637 851.979 873.761 -0.313435 -0.069246 -0.605622 -0.628907 0.073283 0.380881 2.58182 0.613131 0.3758 -0.132883 1.91512 0.310874 1.59193 0.678366 -0.326372 -0.565536 0.801673 1.30672 -0.736541 0.973506 0.211549 -0.623715 0.156741 -0.0339663 0.330286 
0.00288689 0.0186599 -0.146203 660.349 842.815 871.445 -0.325165 -0.0558066 -0.664604 -0.660247 0.137375 0.396984 2.59813 0.607809 0.37948 -0.132074 1.90986 0.337421 1.64604 0.663591 -0.323764 -0.566693 0.785153 1.32584 -0.779469 0.950963 0.201013 -0.641761 0.171288 -0.0299457 0.31592 
-0.0036471 0.0227514 -0.161381 673.332 834.39 869.809 -0.344694 -0.0465198 -0.721149 -0.679417 0.168354 0.416307 2.62193 0.663043 0.384747 -0.131478 1.90709 0.374642 1.67434 0.653002 -0.318431 -0.570128 0.77031 1.33235 -0.754568 0.982653 0.188114 -0.62579 0.186976 -0.0267482 0.296404 
-0.0110623 0.0155646 -0.184273 685.412 824.935 870.973 -0.358853 -0.0315306 -0.804191 -0.707832 0.182022 0.431775 2.62618 0.699372 0.38464 -0.131685 1.89331 0.423587 1.71825 0.694798 -0.31691 -0.574836 0.767036 1.33976 -0.795574 0.959628 0.181832 -0.598952 0.208384 -0.0336281 0.29603 
0.0881754 0.0120329 1.10281 185.63 993.022 866.324 -0.108048 -0.187363 -0.133568 -0.0225744 -0.292978 0.228054 2.7182 0.118614 0.359047 -0.138326 1.8519 0.31142 1.39332 0.846004 -0.332947 -0.514598 0.8549 1.76098 -0.740431 0.431084 0.0994308 -0.0623084 0.147496 -0.0312143 0.382932 
0.0932114 0.017496 1.12381 259.278 1030.82 870.673 -0.118848 -0.140301 -0.126876 -0.015883 -0.378483 0.232528 2.72062 0.330959 0.35472 -0.153125 1.82378 0.28921 1.35943 0.845546 -0.335329 -0.515714 0.851591 1.73987 -0.757282 0.469601 0.104343 -0.0489464 0.166609 -0.0661658 0.339742 
0.0950078 0.015981 1.11005 310.815 1002.61 867.183 -0.151024 -0.0597517 -0.148525 -0.0622805 -0.473935 0.183437 2.78972 0.351281 0.356929 -0.153578 1.82591 0.298954 1.38899 0.870008 -0.32898 -0.516794 0.849287 1.74758 -0.804918 0.491939 0.111962 -0.0348353 0.15815 -0.0586537 0.398289 
0.111724 0.0173229 1.09104 366.083 960.831 862.657 -0.181 -0.037949 -0.170841 0.0426915 -0.513701 0.158967 2.82232 0.363707 0.357058 -0.153899 1.83518 0.322849 1.3956 0.915936 -0.333809 -0.514301 0.851002 1.76498 -0.813951 0.518988 0.10319 -0.0428466 0.157552 -0.0523662 0.424083 
0.0902864 0.0195324 1.05642 411.193 940.422 863.576 -0.20751 0.0968403 -0.163524 0.299024 -0.569924 0.118565 2.86919 0.387954 0.357665 -0.162365 1.84242 0.274909 1.44931 0.919344 -0.334892 -0.507308 0.848292 1.77102 -0.748175 0.560658 0.0898872 -0.0464574 0.160695 -0.049144 0.419424 
0.0865821 0.0235337 0.884423 455.294 944.542 854.993 -0.308413 0.0562587 -0.189285 0.386393 -0.633686 0.0998108 2.76907 0.168266 0.361274 -0.163858 1.88085 0.346894 1.49936 1.0981 -0.336975 -0.516155 0.907641 1.89901 -0.935731 0.479705 0.085471 -0.0255015 0.17825 -0.0604556 0.509028 
0.0785768 0.0245136 0.787681 505.575 930.339 852.394 -0.333107 0.0648856 -0.133602 0.403217 -0.535647 0.0997169 2.7251 0.145929 0.365437 -0.158346 1.8957 0.353263 1.49737 1.15296 -0.337042 -0.517828 0.914198 1.92316 -0.956674 0.439136 0.0923475 -0.00138734 0.193818 -0.067634 0.495346 
0.0931195 0.0252275 0.672035 562.129 918.429 855.262 -0.377836 0.0280081 -0.164883 0.451171 -0.50373 0.091341 2.75633 0.0865212 0.362572 -0.160911 1.89844 0.344793 1.50204 1.1837 -0.331165 -0.520788 0.905835 1.85483 -0.969623 0.501692 0.103416 0.0897956 0.166924 -0.0733883 0.446227 
0.0986618 0.0270044 0.571834 593.288 899.776 857.89 -0.391166 0.0500807 -0.14183 0.467901 -0.504913 0.132736 2.72861 0.0585093 0.365963 -0.155834 1.89006 0.352366 1.49711 1.23683 -0.333249 -0.524508 0.902921 1.83144 -1.03401 0.56448 0.109381 0.128279 0.147351 -0.076113 0.470811 
0.0974887 0.0288116 0.547615 626.244 872.648 855.926 -0.384972 0.0233197 -0.115003 0.388176 -0.530888 0.15675 2.6981 0.108025 0.36562 -0.150586 1.8785 0.351592 1.49791 1.26253 -0.337204 -0.528223 0.893166 1.77534 -1.05773 0.607537 0.111692 0.144208 0.14215 -0.0773476 0.499631 
0.107035 0.0314036 0.511314 656.383 857.664 854.199 -0.351052 0.0447107 -0.128015 0.396564 -0.534042 0.163732 2.73677 0.0810211 0.364483 -0.144544 1.84056 0.376076 1.55883 1.24999 -0.336206 -0.534945 0.85965 1.74911 -1.09857 0.72338 0.112156 0.124617 0.135944 -0.0642848 0.503454 
0.10898 0.0361885 0.456219 691.786 845.229 854.54 -0.330656 0.0365717 -0.142319 0.350649 -0.520587 0.148808 2.78936 0.0415134 0.363579 -0.138848 1.81808 0.363009 1.60929 1.27636 -0.333338 -0.538014 0.83203 1.76632 -1.20188 0.825103 0.108262 0.115889 0.137314 -0.0490706 0.511794 
0.122885 0.0378967 0.379759 722.522 845.399 855.485 -0.301932 0.0444915 -0.0944706 0.283181 -0.536588 0.14857 2.77119 0.0284268 0.360242 -0.137198 1.82031 0.33116 1.61076 1.27047 -0.329825 -0.540098 0.813826 1.73575 -1.2192 0.883841 0.105122 0.121423 0.12578 -0.0435176 0.517146 
0.161548 0.0467782 0.238046 757.307 854.691 858.98 -0.261079 0.10746 -0.0862594 0.0767602 -0.574686 0.168765 2.74189 -0.0298308 0.359511 -0.13889 1.80152 0.306502 1.66667 1.29717 -0.322402 -0.544098 0.793037 1.7625 -1.23169 0.953368 0.0923428 0.156917 0.103037 -0.0185103 0.486671 
0.173778 0.0493211 0.220102 769.462 835.465 859.156 -0.249704 0.144231 -0.090423 -0.0166153 -0.551419 0.184245 2.73878 -0.0289718 0.35933 -0.141051 1.79293 0.310547 1.64819 1.32823 -0.322777 -0.540958 0.767862 1.74652 -1.21611 0.976066 0.0982638 0.113946 0.0975694 -0.0125167 0.47512 
0.178177 0.0376484 0.185838 802.519 807.197 858.539 -0.230244 0.108538 -0.0431794 -0.111663 -0.503499 0.170539 2.69064 -0.0131803 0.361561 -0.143854 1.81765 0.289093 1.6472 1.23322 -0.328235 -0.539645 0.763388 1.69598 -1.22028 0.897438 0.0888757 0.0724368 0.107224 -0.0270854 0.479588 
0.199869 0.0509049 0.0156032 826.187 774.345 852.754 -0.234195 0.113583 -0.147894 -0.317997 -0.437282 0.239719 2.82714 -0.0208132 0.363791 -0.138891 1.81622 0.281717 1.77379 1.33175 -0.321166 -0.552062 0.753878 1.64152 -1.10409 1.01492 0.0781832 0.0965828 0.101334 -0.00668589 0.325613 
0.214466 0.0572538 -0.12443 848.657 747.307 852.007 -0.238806 0.102504 -0.200131 -0.393863 -0.388707 0.260065 2.84618 -0.0477858 0.361951 -0.134153 1.82611 0.3029 1.75663 1.41366 -0.321189 -0.551755 0.758257 1.64556 -1.08403 1.04572 0.0835241 0.0577314 0.0912066 -0.00850204 0.320166 
0.222699 0.0601167 -0.299003 866.684 721.068 853.027 -0.210534 0.0548199 -0.220014 -0.431907 -0.33433 0.283752 2.90269 -0.0794208 0.358772 -0.13004 1.84557 0.322984 1.75408 1.45236 -0.326 -0.546772 0.754385 1.68595 -1.06627 1.12671 0.0879135 -0.00174496 0.0747261 -0.0141379 0.327941 
0.208874 0.0623299 -0.360542 875.722 704.523 853.143 -0.184756 0.026788 -0.199639 -0.418799 -0.299009 0.30022 2.89296 -0.0343025 0.356619 -0.130073 1.8717 0.367344 1.7754 1.47909 -0.327318 -0.541781 0.745869 1.71026 -1.07146 1.14269 0.0840124 -0.0417884 0.0702324 -0.026218 0.319379 
0.0841275 0.00502047 1.14514 193.666 983.716 867.519 -0.104522 -0.110994 -0.147979 -0.128282 -0.188325 0.291364 2.64908 0.128512 0.366016 -0.140476 1.83066 0.311662 1.3615 0.823029 -0.329423 -0.512045 0.843102 1.67252 -0.709427 0.42678 0.102187 -0.0267349 0.138725 -0.0423959 0.443824 
0.098085 0.00797974 1.1766 236.629 1046.78 866.883 -0.0980934 -0.113817 -0.142462 -0.209328 -0.206183 0.326016 2.66003 0.264852 0.365933 -0.138261 1.82066 0.330003 1.37063 0.760161 -0.324036 -0.513296 0.841099 1.62618 -0.671138 0.444897 0.110029 -0.0150962 0.15724 -0.04833 0.435701 
0.0677285 0.00532451 1.20249 290.647 1022.41 869.312 -0.0866878 -0.237516 -0.211964 -0.124206 -0.240198 0.271166 2.63622 0.23304 0.370115 -0.135873 1.82805 0.357492 1.37355 0.795585 -0.336022 -0.516865 0.850439 1.59421 -0.724172 0.414579 0.100039 0.0169182 0.165766 -0.056453 0.448738 
0.0684712 0.00775482 1.19066 322.835 990.018 867.687 -0.0785337 -0.17293 -0.232057 -0.16415 -0.35308 0.272827 2.66026 0.190584 0.369806 -0.137182 1.82014 0.338462 1.3569 0.789918 -0.340994 -0.519106 0.863394 1.53044 -0.686455 0.403477 0.100508 0.0156368 0.177199 -0.0604605 0.398707 
0.0798349 0.00235284 1.19025 366.609 956.585 866.66 -0.0456787 -0.214466 -0.261794 -0.296777 -0.50753 0.275113 2.66025 0.23507 0.367006 -0.133158 1.78889 0.320468 1.30717 0.804918 -0.34946 -0.529448 0.88933 1.52288 -0.735752 0.369986 0.0897956 0.0405045 0.171213 -0.0603897 0.371878 
0.073914 0.00498727 1.18838 374.528 945.691 864.939 -0.0458178 -0.133447 -0.276456 -0.102029 -0.591081 0.26797 2.6246 0.253746 0.367858 -0.141646 1.78686 0.313645 1.37374 0.731627 -0.34898 -0.529477 0.886367 1.46892 -0.701041 0.339091 0.0938169 0.0391158 0.165321 -0.0645923 0.402343 
0.0661261 0.00653472 1.17361 376.84 926.757 864.168 -0.119885 0.278073 -0.266567 0.531446 -0.617536 0.289432 2.5745 0.219843 0.37278 -0.162602 1.83729 0.243739 1.59864 0.654065 -0.349091 -0.520938 0.859365 1.3703 -0.590684 0.355598 0.112649 0.0736763 0.168296 -0.0908127 0.509192 
0.0496693 0.00715158 1.35619 407.148 881.052 868.075 -0.141442 0.278726 -0.402063 0.513783 -0.569378 0.229691 2.54518 0.268819 0.377893 -0.174202 1.84222 0.261477 1.577 0.564954 -0.343473 -0.513437 0.860004 1.34972 -0.600606 0.248435 0.126579 0.0348285 0.1574 -0.120456 0.479599 
0.0405746 0.0103119 1.38861 417.372 860.258 868.522 -0.139371 0.297293 -0.461106 0.518111 -0.576612 0.201872 2.54247 0.254797 0.378033 -0.178814 1.83911 0.265056 1.55644 0.542929 -0.341635 -0.510599 0.860946 1.33114 -0.606819 0.200468 0.129288 0.0174927 0.150671 -0.131115 0.46481 
0.0397561 0.0148804 1.37799 415.811 845.433 867.103 -0.155079 0.330172 -0.482911 0.504671 -0.616267 0.200772 2.57631 0.248865 0.377253 -0.181484 1.83592 0.23826 1.5444 0.505349 -0.340898 -0.511968 0.86351 1.29807 -0.618071 0.205689 0.12601 -0.000736823 0.153105 -0.135595 0.456733 
0.0347987 0.0222202 1.39632 406.239 839.114 865.792 -0.167116 0.367431 -0.434714 0.521395 -0.653019 0.17052 2.55965 0.233501 0.376069 -0.181723 1.85447 0.206621 1.57033 0.488842 -0.351121 -0.514947 0.880083 1.28843 -0.578649 0.230654 0.110401 -0.0350287 0.163035 -0.115697 0.444416 
0.0300194 0.0268912 1.38953 401.146 829.244 864.613 -0.164044 0.388011 -0.411312 0.521298 -0.684698 0.158139 2.55656 0.242655 0.374586 -0.18169 1.85186 0.189903 1.56161 0.494139 -0.358399 -0.51382 0.898768 1.28894 -0.570555 0.263444 0.10005 -0.0509163 0.175639 -0.112134 0.4574 
0.0231988 0.0366514 1.38814 403.875 814.696 863.222 -0.159999 0.402079 -0.396841 0.507428 -0.694048 0.138148 2.57666 0.217083 0.377217 -0.176712 1.84192 0.172876 1.50942 0.513451 -0.361892 -0.514769 0.91799 1.27871 -0.602071 0.297432 0.100585 -0.0577224 0.184547 -0.119723 0.529914 
0.0206556 0.0430249 1.38878 404.485 803.597 862.617 -0.153166 0.405225 -0.388039 0.496351 -0.704865 0.0978946 2.58964 0.176869 0.378042 -0.174827 1.83641 0.155026 1.48873 0.530796 -0.362549 -0.515133 0.928049 1.2906 -0.573695 0.313224 0.0978218 -0.064582 0.183741 -0.130808 0.572607 
0.0153997 0.0481502 1.37449 400.244 793.546 860.597 -0.1491 0.41394 -0.392101 0.48126 -0.720315 0.0678745 2.6239 0.152407 0.377352 -0.171818 1.82722 0.122249 1.47542 0.510217 -0.365303 -0.515176 0.929206 1.29363 -0.532735 0.337209 0.0990977 -0.0758895 0.181755 -0.143528 0.647956 
0.00291405 0.0533226 1.32179 402.23 782.764 860.738 -0.160997 0.392406 -0.352026 0.522949 -0.797056 0.00892578 2.61789 0.133972 0.382114 -0.172572 1.83446 0.0926822 1.49945 0.514357 -0.366304 -0.519362 0.910796 1.32475 -0.574824 0.307499 0.0891648 -0.0391411 0.196625 -0.12803 0.582475 
-0.0175576 0.0609356 1.20501 406.686 776.772 864.772 -0.168579 0.321356 -0.227436 0.534991 -0.948442 -0.0606595 2.67147 0.131782 0.392579 -0.171159 1.85455 0.0575623 1.55744 0.495979 -0.369938 -0.518997 0.910075 1.40206 -0.707612 0.283061 0.0632804 0.0745655 0.220932 -0.111826 0.372578 
-0.0365568 0.0633524 1.12086 398.253 774.255 866.019 -0.162726 0.28082 -0.214248 0.493398 -1.03054 -0.0731471 2.70605 0.139042 0.392553 -0.176157 1.86511 0.0217998 1.54132 0.45447 -0.368672 -0.517518 0.909571 1.42599 -0.770105 0.262106 0.0619847 0.132461 0.217089 -0.107153 0.344771 
-0.0532461 0.0581166 1.01994 396.187 769.517 868.796 -0.153435 0.245609 -0.219596 0.426115 -1.09962 -0.0621727 2.70191 0.0785269 0.39498 -0.176454 1.88792 -0.0171944 1.54672 0.405222 -0.368489 -0.522449 0.923704 1.46375 -0.788254 0.211567 0.0541016 0.211624 0.21952 -0.103948 0.303571 
-0.064662 0.0569591 0.930717 390.553 764.708 869.378 -0.148078 0.198764 -0.195235 0.257084 -1.12847 -0.0568572 2.65042 -0.0863302 0.396232 -0.176492 1.91707 -0.0341745 1.55499 0.379958 -0.37235 -0.524112 0.920799 1.48827 -0.764925 0.161051 0.0328324 0.28584 0.218764 -0.113254 0.281583 
0.0806579 0.00501703 1.03104 133.475 942.427 868.217 -0.111651 -0.0850425 -0.1396 0.0118716 -0.208963 0.163868 2.72804 0.1032 0.362416 -0.143413 1.82136 0.327082 1.38454 0.844131 -0.331372 -0.514813 0.859175 1.72373 -0.696328 0.420581 0.0848617 -0.00567814 0.139365 -0.0283384 0.376386 
0.0729817 0.00645769 1.04471 145.898 923.874 869.959 -0.108365 0.0338806 -0.132231 0.0837052 -0.286333 0.155988 2.70096 0.089871 0.364674 -0.141276 1.7997 0.355308 1.39362 0.817141 -0.33136 -0.51268 0.861083 1.70483 -0.673377 0.424357 0.0749007 0.0443168 0.13125 -0.0153403 0.372179 
0.0568668 0.0015572 1.0334 174.956 911.597 869.596 -0.142048 0.0691832 -0.141487 0.0301491 -0.379459 0.091407 2.66609 0.074194 0.363797 -0.138788 1.77075 0.434489 1.42291 0.759167 -0.337479 -0.510812 0.852307 1.67411 -0.742932 0.371392 0.0624879 0.0747465 0.148687 -0.00517179 0.360449 
0.0343857 -0.0104128 1.03316 189.663 918.71 871.932 -0.162833 0.087876 -0.0775513 0.0566443 -0.33807 0.0224675 2.59643 0.11843 0.364115 -0.131445 1.75211 0.488907 1.40648 0.657506 -0.340177 -0.521464 0.825222 1.69268 -0.841688 0.286728 0.0489213 0.094439 0.135384 0.000821559 0.377943 
0.0584533 -0.0132704 1.00437 214.6 891.345 871.51 -0.18649 0.104781 -0.0271556 -0.0464325 -0.304254 0.0361699 2.65936 0.0321978 0.365255 -0.141751 1.75795 0.462493 1.43262 0.668875 -0.347717 -0.516261 0.855226 1.65547 -0.815775 0.303139 0.0514261 0.127099 0.130628 -0.00438168 0.362747 
0.103398 -0.017132 0.928681 253.709 850.154 872.202 -0.198923 0.124834 -0.0640909 -0.0536087 -0.293776 0.0734907 2.73414 -0.120227 0.364706 -0.155065 1.78329 0.460877 1.47056 0.604157 -0.345262 -0.509471 0.908021 1.6016 -0.803585 0.365797 0.0672567 0.171335 0.143968 -0.00884729 0.290072 
0.0995985 -0.0234883 0.877473 256.775 850.551 875.034 -0.17555 0.0770397 -0.0454335 -0.0102546 -0.343755 0.0653757 2.76489 -0.123961 0.370151 -0.167628 1.77367 0.471252 1.51105 0.49708 -0.349708 -0.510378 0.905445 1.59418 -0.823986 0.324949 0.0650175 0.175408 0.142716 -0.00345954 0.284044 
0.0928095 -0.0301144 0.880096 262.012 845.144 877.249 -0.224824 0.0582049 -0.148038 0.115271 -0.452478 0.0750064 2.77009 -0.164223 0.362774 -0.181786 1.76993 0.509534 1.54691 0.459711 -0.341426 -0.51214 0.92307 1.61061 -0.700899 0.32471 0.0725215 0.163342 0.15205 -0.0196627 0.362287 
0.0834341 -0.0335995 0.846852 268.043 840.016 878.848 -0.28993 0.0314713 -0.12571 0.156736 -0.528071 0.152213 2.75045 -0.0558172 0.352435 -0.206688 1.77616 0.61353 1.54022 0.462161 -0.331968 -0.516596 0.936262 1.63318 -0.615299 0.377379 0.071258 0.171049 0.165473 -0.0269821 0.406033 
0.0832086 -0.0411199 0.806238 270.797 843.833 879.71 -0.330406 0.0456151 -0.138652 0.124811 -0.572999 0.162167 2.70862 -0.0367709 0.347605 -0.222481 1.77075 0.667567 1.54273 0.470028 -0.327583 -0.518035 0.949706 1.64438 -0.564381 0.399114 0.0656965 0.19219 0.174721 -0.0212538 0.428247 
0.0778295 -0.0499535 0.79194 271.065 841.33 880.558 -0.347111 0.0584032 -0.153033 0.160273 -0.601079 0.170761 2.72408 0.00824255 0.345582 -0.225421 1.77423 0.689527 1.56861 0.458447 -0.328782 -0.515236 0.949821 1.60877 -0.55571 0.396053 0.0683401 0.217878 0.166135 -0.0269749 0.407898 
0.0810386 -0.0524353 0.775914 266.432 839.973 883.208 -0.351846 0.0445391 -0.196845 0.182193 -0.588945 0.182332 2.79841 0.0298052 0.346219 -0.222273 1.77511 0.675255 1.6131 0.433812 -0.335554 -0.51929 0.918688 1.54689 -0.53331 0.369027 0.0658521 0.24245 0.155658 -0.0391512 0.340604 
0.0802581 -0.0522957 0.772779 260.322 835.309 884.783 -0.34247 0.0317475 -0.275918 0.199834 -0.605926 0.191699 2.86238 0.0627486 0.345626 -0.218744 1.77244 0.682458 1.6192 0.430694 -0.340074 -0.524656 0.885533 1.48419 -0.501724 0.387072 0.0727807 0.264143 0.144869 -0.0471712 0.261717 
0.0755652 -0.0504515 0.764685 257.837 826.864 885.551 -0.361915 0.031259 -0.298905 0.160926 -0.650096 0.191228 2.87941 0.0506495 0.346885 -0.219272 1.75784 0.652904 1.63462 0.43228 -0.33938 -0.523014 0.871904 1.45377 -0.502195 0.392857 0.0778399 0.283555 0.14763 -0.0453411 0.235272 
0.0582554 -0.0554946 0.88389 254.889 789.335 885.499 -0.457799 0.160417 -0.170769 -0.103297 -0.766302 0.0861611 2.75748 0.00778614 0.346972 -0.208755 1.76921 0.573933 1.75378 0.542856 -0.326256 -0.521266 0.907369 1.57187 -0.417034 0.382675 0.0851119 0.165022 0.183646 -0.0393304 0.31299 
0.0532819 -0.0624896 0.946074 239.917 771.161 888.429 -0.486011 0.230972 -0.19525 -0.269092 -0.758955 0.0594734 2.79734 0.0453955 0.343073 -0.209773 1.76322 0.549883 1.77496 0.619375 -0.325805 -0.524771 0.919727 1.64717 -0.433609 0.33631 0.0825183 0.10434 0.176591 -0.0231196 0.328765 
0.0232035 -0.0657181 0.937058 252.64 739.153 884.446 -0.42265 0.324958 -0.0968706 -0.44786 -0.898119 0.00455385 2.70238 0.0330563 0.349135 -0.187321 1.78222 0.562262 1.76705 0.686267 -0.320229 -0.519028 0.888681 1.54893 -0.383162 0.494291 0.100031 0.149128 0.196145 -0.0455154 0.289968 
-0.0249536 -0.0733766 0.883681 274.545 706.073 883.842 -0.306604 0.362875 -0.0678453 -0.621541 -1.02704 -0.08571 2.62469 0.0129947 0.35177 -0.173479 1.78896 0.598095 1.77169 0.743939 -0.316857 -0.50369 0.858559 1.50346 -0.35668 0.583796 0.106007 0.234943 0.229427 -0.0605827 0.209791 
-0.0495128 -0.0799661 0.852288 279.757 680.084 885.149 -0.268159 0.382123 -0.0413591 -0.732791 -1.0745 -0.0995429 2.58791 -0.0330941 0.350251 -0.174055 1.8005 0.631781 1.77313 0.745761 -0.318125 -0.5008 0.851856 1.52574 -0.29674 0.602767 0.0987499 0.266996 0.240566 -0.0630581 0.19897 
-0.0383382 -0.0996292 0.779785 273.385 665.894 888.075 -0.281218 0.351237 -0.0390772 -0.676192 -0.945613 -0.0690397 2.62872 -0.121508 0.347466 -0.173733 1.78957 0.612156 1.73348 0.769596 -0.318448 -0.493124 0.855679 1.56553 -0.511194 0.663563 0.0710569 0.294739 0.236052 -0.0508985 0.198846 
0.0693843 0.00775974 0.999351 104.815 857.554 871.195 -0.115554 -0.187942 -0.131407 -0.0252415 -0.240196 0.164377 2.68351 0.159861 0.368177 -0.142195 1.82761 0.330687 1.42578 0.868178 -0.327632 -0.514793 0.856351 1.72119 -0.713045 0.48416 0.0795714 -0.0701188 0.134965 -0.0367539 0.372283 
0.057828 0.012456 1.11183 77.9012 807.642 874.147 -0.165524 -0.124461 -0.133464 -0.0146656 -0.308865 0.10456 2.69953 0.247327 0.369957 -0.148604 1.82679 0.328498 1.4523 0.791801 -0.329044 -0.51234 0.869102 1.7125 -0.773897 0.529534 0.0746644 -0.000459389 0.125234 -0.0501513 0.337503 
0.0462084 -0.00566975 1.00407 41.1192 796.655 873.081 -0.180323 -0.120942 -0.129755 0.044138 -0.3393 0.125121 2.75405 0.207517 0.372551 -0.14902 1.82111 0.311197 1.46381 0.84421 -0.321853 -0.508452 0.861526 1.72931 -0.850837 0.549766 0.0502183 0.0233774 0.117365 -0.0272048 0.366332 
0.0476676 -0.0122701 0.958534 22.4453 786.132 869.566 -0.191911 -0.0778778 -0.0892382 -0.0404521 -0.352671 0.217957 2.83272 0.334736 0.375995 -0.147596 1.80513 0.250559 1.46777 0.894721 -0.324714 -0.509237 0.85451 1.75251 -0.844828 0.489365 0.0335869 0.0351922 0.0998693 -0.0289314 0.471501 
0.0519915 -0.010402 0.932595 19.9348 769.378 875.443 -0.201947 -0.0518376 -0.0770146 -0.053589 -0.345197 0.240319 2.91291 0.30101 0.372524 -0.140747 1.79853 0.273215 1.49241 0.863566 -0.324361 -0.49993 0.849886 1.81641 -0.9289 0.490657 0.0100011 0.0327028 0.103311 -0.0255106 0.422148 
0.0526893 -0.00850642 0.920756 14.0326 763.143 878.186 -0.207728 -0.0610701 -0.0808029 -0.0910418 -0.339676 0.234025 2.96407 0.33788 0.366804 -0.138136 1.78936 0.282418 1.4931 0.799665 -0.323036 -0.492182 0.854323 1.85803 -0.93233 0.458581 -0.00434216 0.0259383 0.105767 -0.0240771 0.369157 
0.0550903 -0.00564113 0.900869 1.7707 757.875 881.885 -0.227292 -0.0757886 -0.090236 -0.0856295 -0.411235 0.22105 2.95358 0.352394 0.366727 -0.133975 1.79485 0.285722 1.52546 0.76831 -0.325829 -0.487886 0.866541 1.89899 -0.928028 0.418541 -0.014912 0.0428117 0.106364 -0.0191214 0.318248 
0.0674978 0.00954962 0.904407 -16.117 747.336 884.458 -0.287597 -0.0167231 -0.111974 -0.080694 -0.722408 0.228589 2.81738 0.408397 0.364541 -0.130322 1.81757 0.318103 1.56212 0.733515 -0.317431 -0.500448 0.86994 1.9632 -1.05465 0.436287 -0.0123955 0.0601926 0.108335 -0.0143739 0.254066 
0.0677159 0.0169354 0.892593 -25.9022 738.381 885.285 -0.335212 -0.0238245 -0.13097 -0.167479 -0.897697 0.250281 2.76082 0.330127 0.361383 -0.127935 1.83054 0.340241 1.56915 0.677107 -0.314472 -0.509107 0.875219 1.97624 -1.1555 0.411492 -0.0107965 0.0819562 0.0997869 -0.0232344 0.270964 
0.0659838 0.0201494 0.88402 -31.6469 728.213 884.807 -0.357847 -0.0223801 -0.132511 -0.262659 -0.919683 0.251389 2.77731 0.266603 0.359894 -0.130161 1.83345 0.353786 1.53815 0.667773 -0.314113 -0.51264 0.886807 1.96089 -1.17114 0.428979 -0.00850696 0.103885 0.0981033 -0.0297054 0.273322 
0.0627958 0.0283833 0.854578 -39.965 717.011 882.453 -0.382555 0.0107881 -0.138752 -0.310432 -0.935579 0.244469 2.79002 0.195569 0.356002 -0.132599 1.82647 0.373367 1.50915 0.64998 -0.313133 -0.514335 0.895206 1.96496 -1.16384 0.447923 -0.00431415 0.137037 0.0963108 -0.0372762 0.279559 
0.0631212 0.0322399 0.830175 -50.4256 709.526 880.002 -0.405582 0.0254188 -0.149725 -0.305474 -0.951816 0.237424 2.78517 0.17473 0.35483 -0.133462 1.82189 0.394833 1.53668 0.654382 -0.310682 -0.514391 0.904912 1.94369 -1.13768 0.434527 -0.00441351 0.16396 0.0920798 -0.0398874 0.277843 
0.0422669 0.0252529 0.828747 -43.0846 693.596 884.432 -0.394823 -0.0209571 -0.144647 -0.255064 -0.949927 0.230447 2.76755 0.221051 0.356214 -0.135384 1.80249 0.365663 1.5543 0.61041 -0.312749 -0.514134 0.911323 1.92013 -1.15298 0.393117 0.00288465 0.167965 0.0758211 -0.0493563 0.297712 
0.0458483 0.0221846 0.81522 -36.1932 676.416 884.354 -0.390994 -0.0273612 -0.111797 -0.26217 -0.937213 0.184931 2.6819 0.168027 0.352609 -0.137711 1.77903 0.381927 1.53956 0.558275 -0.316117 -0.516421 0.937596 1.86577 -1.13239 0.39653 0.0135318 0.179962 0.0624614 -0.0466508 0.328987 
0.0581657 0.0201708 0.845073 -41.6303 665.029 883.695 -0.441607 -0.0715813 -0.12057 -0.225893 -0.973568 0.211605 2.68394 0.359564 0.353106 -0.128655 1.79789 0.395499 1.53581 0.476486 -0.304906 -0.512448 0.964556 1.81514 -1.18481 0.440405 0.0329162 0.181862 0.0733273 -0.0302541 0.322897 
0.0682431 0.00715364 0.860975 -13.824 649.279 894.05 -0.465034 -0.1484 -0.312297 -0.104903 -0.987556 0.255537 2.7652 0.727224 0.364234 -0.115966 1.82262 0.38678 1.56294 0.445823 -0.304405 -0.511834 0.946521 1.59822 -1.13983 0.388008 0.0398474 0.231175 0.0807505 -0.00828556 0.278995 
0.0676073 0.0144248 0.839237 -21.3784 644.833 893.105 -0.446452 -0.201548 -0.309343 -0.053991 -0.985787 0.207244 2.77542 0.64487 0.360835 -0.127681 1.82332 0.399865 1.55565 0.367053 -0.304496 -0.516534 0.958334 1.65196 -1.09847 0.399532 0.0376699 0.241702 0.072937 0.000348267 0.298327 
0.0417973 0.0359766 0.741046 -71.805 662.886 880.657 -0.393828 -0.143091 -0.179835 -0.0190033 -0.961301 0.0542874 2.73765 0.179669 0.350722 -0.169119 1.83499 0.432125 1.56684 0.279006 -0.310928 -0.529367 1.02112 1.94317 -0.890138 0.485545 0.0360119 0.291714 0.0664582 0.0249111 0.384928 
0.0313046 0.0383173 0.66301 -93.6315 666.113 875.595 -0.400705 -0.142055 -0.126017 -0.00201197 -0.957778 0.0553439 2.74631 0.0143512 0.346868 -0.186381 1.82994 0.474694 1.5935 0.18837 -0.316762 -0.536399 1.03171 2.04753 -0.863063 0.51189 0.0459725 0.348722 0.066118 0.0401572 0.407524 
0.0305049 0.042697 0.638668 -103.464 661.489 875.362 -0.417212 -0.143606 -0.143832 -0.00218965 -0.9671 0.0201827 2.70345 0.00275567 0.348942 -0.186218 1.81393 0.49046 1.65474 0.101016 -0.316087 -0.534715 1.03005 2.05167 -0.902368 0.505273 0.0505147 0.368759 0.0668918 0.0481595 0.406091 
0.0789175 0.0137379 0.863346 81.2765 882.821 866.677 -0.0667996 -0.131594 -0.142131 -0.175865 -0.143242 0.0938702 2.70617 0.115341 0.362664 -0.1489 1.84806 0.308472 1.43867 0.779384 -0.326004 -0.515404 0.870868 1.73442 -0.71987 0.434196 0.0832472 -0.160554 0.150366 -0.0280165 0.317228 
0.0689491 0.0135385 0.872099 38.2113 782.082 864.531 -0.0502873 -0.0780277 -0.205529 -0.242286 -0.125073 0.0432422 2.67449 0.128322 0.3613 -0.142229 1.86207 0.276676 1.52725 0.672243 -0.321654 -0.517138 0.848192 1.76556 -0.669762 0.417081 0.0758626 -0.195341 0.147388 -0.0307562 0.382407 
0.0763845 0.00587493 1.09148 1.87366 704.941 865.244 -0.0110122 -0.108684 -0.147844 -0.266391 -0.181449 -0.0274684 2.60688 0.182152 0.362398 -0.14211 1.85055 0.332531 1.54998 0.662009 -0.31222 -0.521743 0.839444 1.73464 -0.619185 0.433469 0.0654625 -0.140142 0.156885 -0.0317101 0.378646 
0.0929644 0.00141148 1.02718 -32.1921 630.987 863.154 -0.0608021 -0.104129 -0.147154 -0.399893 -0.149422 -0.0507078 2.65167 0.245839 0.367922 -0.14492 1.84083 0.324426 1.56672 0.57431 -0.311079 -0.520748 0.831119 1.7547 -0.683642 0.383282 0.0492404 -0.157124 0.166461 -0.0239806 0.370712 
0.107621 0.00145066 0.987736 -28.7614 587.77 863.735 -0.0958984 -0.0652364 -0.151862 -0.39691 -0.141813 -0.0953537 2.71196 0.318415 0.369684 -0.146992 1.82056 0.322839 1.58976 0.510811 -0.314815 -0.521042 0.82709 1.74513 -0.722148 0.375448 0.0439061 -0.159197 0.174588 -0.0338493 0.388345 
0.104269 0.0026894 0.983976 -8.78594 547.945 868.427 -0.0783423 -0.0706264 -0.114645 -0.408193 -0.189968 -0.198548 2.72529 0.350526 0.366998 -0.14172 1.80148 0.305996 1.55196 0.417404 -0.315652 -0.512257 0.825623 1.69903 -0.731534 0.371267 0.0539206 -0.165777 0.182913 -0.0428847 0.416307 
0.0910974 0.00560332 0.998288 -6.03216 530.068 873.302 -0.0737715 -0.0894182 -0.122989 -0.40057 -0.241027 -0.283767 2.71313 0.319429 0.367142 -0.133382 1.81093 0.278312 1.50959 0.453264 -0.30724 -0.508437 0.826661 1.68545 -0.684516 0.390916 0.0523166 -0.174886 0.191815 -0.0480631 0.432709 
0.106171 -0.00192266 1.16099 -32.5309 511.001 878.037 -0.0717171 -0.111737 -0.170031 -0.31526 -0.269567 -0.35485 2.61272 0.276783 0.370067 -0.144418 1.85151 0.267963 1.47919 0.54646 -0.309192 -0.518802 0.840342 1.60141 -0.744876 0.443403 0.0487744 -0.154664 0.195842 -0.037426 0.38085 
0.0869948 -0.00116514 1.18241 -9.45819 469.09 882.185 -0.0524272 -0.201447 -0.238507 -0.197095 -0.319284 -0.479483 2.47867 0.252724 0.372677 -0.132543 1.8847 0.229714 1.50617 0.761406 -0.308504 -0.527613 0.851223 1.51005 -0.537224 0.478463 0.0514402 -0.0291383 0.219194 -0.0236082 0.352804 
0.0680233 0.00992873 1.16045 26.8491 408.5 888.084 -0.0395461 -0.390111 -0.22003 0.102465 -0.326675 -0.498118 2.25134 0.244952 0.37794 -0.130527 1.88318 0.148797 1.53333 0.745139 -0.31431 -0.521585 0.869475 1.63935 -0.23043 0.569982 0.0605887 0.0262409 0.262387 0.0007809 0.4062 
0.073376 0.0329982 1.13167 11.885 388.879 891.801 -0.112522 -0.397164 -0.185105 0.251193 -0.323716 -0.468693 2.24293 0.0943852 0.37867 -0.114273 1.84791 0.11632 1.46008 0.686025 -0.305958 -0.516591 0.905939 1.65742 -0.0736617 0.552527 0.0492033 0.0510808 0.280732 -0.0235588 0.451308 
0.0632799 0.0411734 1.1063 8.6982 365.158 892.84 -0.123145 -0.394313 -0.221622 0.300442 -0.29656 -0.443968 2.24197 -0.0424965 0.379738 -0.115982 1.84523 0.0741793 1.44403 0.689588 -0.306324 -0.51828 0.912152 1.62509 -0.0127096 0.582152 0.0396756 0.0852588 0.287989 -0.0230362 0.476152 
0.0685713 0.0514406 1.09144 -3.44732 346.027 893.463 -0.137941 -0.399637 -0.288635 0.397348 -0.283009 -0.413387 2.20593 -0.122375 0.381875 -0.117484 1.80654 0.08961 1.419 0.814697 -0.304238 -0.522503 0.897283 1.5591 0.0984053 0.548835 0.0410712 0.0962493 0.285966 -0.0324311 0.495003 
0.0587674 0.0460844 1.07385 -18.2442 332.389 895.376 -0.139882 -0.393341 -0.293592 0.394365 -0.27353 -0.405932 2.22357 -0.259863 0.383891 -0.114556 1.80908 0.0330833 1.42841 0.817136 -0.310363 -0.527253 0.922176 1.63148 -0.02176 0.591991 0.0588007 0.0810142 0.286686 -0.0304875 0.467525 
0.0555519 0.0518548 1.01176 -25.6873 328.712 898.819 -0.172563 -0.355155 -0.295196 0.255288 -0.363772 -0.421538 2.25868 -0.385159 0.379239 -0.114032 1.82672 0.0535414 1.36056 0.704543 -0.318268 -0.525217 0.930282 1.68289 -0.107228 0.5911 0.0544038 0.0836954 0.303177 -0.0278297 0.447638 
0.0709912 0.050382 0.896397 -33.2935 334.262 906.14 -0.192363 -0.399426 -0.373182 0.317593 -0.401774 -0.421716 2.24713 -0.474281 0.378746 -0.103649 1.86805 0.037599 1.31897 0.604525 -0.310359 -0.534434 0.900589 1.72892 -0.276859 0.465675 0.045266 0.0988313 0.325394 -0.0144517 0.47162 
0.0718477 0.0457317 0.861583 -41.1788 328.069 911.142 -0.210026 -0.40186 -0.40724 0.247911 -0.388107 -0.421717 2.26201 -0.582901 0.376488 -0.0915835 1.90591 -0.00946503 1.31739 0.495071 -0.307782 -0.540881 0.912566 1.80317 -0.459322 0.40015 0.0515112 0.0764801 0.340615 -0.0104076 0.501042 
0.0655181 0.0474272 0.873786 -46.5919 315.994 911.754 -0.221493 -0.422999 -0.404697 0.234308 -0.369085 -0.402652 2.25573 -0.626127 0.375487 -0.0883198 1.92077 -0.0280678 1.31554 0.483642 -0.308479 -0.541419 0.918385 1.82096 -0.50585 0.404533 0.0532757 0.0712588 0.347237 -0.0151811 0.505555 
0.0713947 0.0447334 0.89145 -48.7613 314.064 910.171 -0.239647 -0.476293 -0.447418 0.310325 -0.352734 -0.370208 2.18852 -0.635881 0.375245 -0.0925518 1.92022 -0.0415261 1.37162 0.452407 -0.306406 -0.538195 0.923402 1.80707 -0.483335 0.404532 0.0488264 0.0360447 0.352528 -0.0107328 0.501966 
0.064028 0.0389461 0.903419 -45.1063 315.15 910.443 -0.230701 -0.531714 -0.423195 0.33535 -0.359956 -0.326724 2.10666 -0.535277 0.373028 -0.09483 1.89892 -0.0709728 1.36575 0.396495 -0.30898 -0.541747 0.916286 1.76787 -0.478457 0.405345 0.0432411 0.0156892 0.352817 -0.00359455 0.526786 
0.074142 0.0132825 0.975252 104.1 950.098 869.34 -0.109629 -0.205869 -0.127681 -0.124536 -0.152988 0.173254 2.72052 0.154526 0.362713 -0.139116 1.85293 0.336173 1.40568 0.928382 -0.331057 -0.512278 0.861639 1.70452 -0.723627 0.443898 0.096538 -0.0946825 0.140168 -0.032473 0.401495 
0.0770501 0.0164547 0.954601 91.478 952.242 870.209 -0.0952371 -0.241789 -0.173657 -0.31643 -0.142029 0.0319484 2.79601 0.0714257 0.363343 -0.131727 1.85167 0.366077 1.42938 1.02978 -0.333023 -0.509768 0.871092 1.6811 -0.687935 0.419289 0.106134 -0.0694048 0.127902 -0.0368377 0.376644 
0.0804081 0.0193295 0.908307 71.2751 933.278 870.62 -0.0785915 -0.265816 -0.237416 -0.375511 -0.0803744 -0.0454806 2.8317 0.0320431 0.365376 -0.122109 1.8355 0.361435 1.4326 1.12499 -0.331436 -0.510497 0.883428 1.70732 -0.650234 0.389962 0.118304 -0.0222797 0.109076 -0.0368274 0.354267 
0.0698287 0.0206012 0.893544 58.1918 914.303 871.411 -0.0861461 -0.303008 -0.167075 -0.284886 -0.0669566 -0.0461126 2.8052 0.159931 0.369442 -0.127517 1.84985 0.351369 1.3794 1.22963 -0.322039 -0.513285 0.903107 1.77246 -0.646758 0.413602 0.11409 -0.0221923 0.100216 -0.0352849 0.321094 
0.0730083 0.0240292 0.891031 28.0962 886.98 870.532 -0.085859 -0.355057 -0.0553706 -0.2373 -0.0981518 -0.0280386 2.73458 0.346986 0.374751 -0.137036 1.88232 0.351175 1.30293 1.3762 -0.310393 -0.516741 0.930834 1.91208 -0.69749 0.450243 0.108789 -0.0246786 0.101124 -0.0312117 0.273782 
0.076429 0.0299271 0.87911 18.8006 880.051 864.804 -0.0840717 -0.427171 -0.0513073 -0.441469 -0.087035 -0.0155752 2.68796 0.343272 0.3707 -0.133231 1.87157 0.338639 1.3411 1.43266 -0.314806 -0.519113 0.928556 1.99807 -0.722119 0.401072 0.115864 -0.00737655 0.0949942 -0.0465056 0.267572 
0.090844 0.0298896 0.976072 10.3803 865.372 862.219 -0.0801461 -0.45822 -0.0709175 -0.450258 -0.110985 -0.00885059 2.65107 0.300347 0.370096 -0.130198 1.87432 0.334144 1.35838 1.50772 -0.312327 -0.518182 0.927148 2.04422 -0.660633 0.333912 0.123707 -0.010063 0.0910681 -0.0551345 0.2502 
0.127739 0.0287775 1.09189 -4.62847 863.034 861.769 -0.0413131 -0.449375 -0.158152 -0.510343 -0.130231 -0.00913256 2.65342 0.262704 0.372537 -0.136562 1.8376 0.334755 1.33647 1.64773 -0.303917 -0.514195 0.950504 2.04267 -0.526913 0.25769 0.124784 -0.0196841 0.0905868 -0.0579759 0.259753 
0.135853 0.0332544 1.20958 -17.0509 840.968 863.215 0.0485056 -0.728978 -0.127366 -0.620198 -0.129213 0.00964639 2.59529 0.278305 0.374155 -0.157658 1.83261 0.304331 1.26935 1.79073 -0.314232 -0.505916 0.995531 1.94521 -0.57569 0.321068 0.13118 -0.0217942 0.0795291 -0.0621275 0.349923 
0.150393 0.0397595 1.29521 -23.3636 827.282 865.439 0.0673273 -0.820387 -0.11451 -0.575973 -0.147148 0.0458772 2.59651 0.349155 0.378353 -0.155385 1.83909 0.252866 1.3077 1.89076 -0.318755 -0.507687 0.994655 1.95336 -0.539844 0.302888 0.142581 -0.0358621 0.0713243 -0.0676026 0.362787 
0.14292 0.0402833 1.2818 -24.2037 823.542 866.454 0.0766565 -0.987047 -0.10147 -0.486933 -0.142048 0.0538401 2.58595 0.332156 0.380153 -0.153335 1.83481 0.253227 1.32375 1.92125 -0.317811 -0.511972 0.999115 1.94931 -0.510522 0.308456 0.154087 -0.0513031 0.0573555 -0.067389 0.359388 
0.158983 0.0487645 1.35743 -36.3661 805.59 870.409 0.101296 -1.18576 -0.109421 -0.495234 -0.0993908 0.0396973 2.65254 0.293092 0.381134 -0.154857 1.80546 0.262194 1.32631 1.846 -0.314432 -0.513233 0.983591 1.92814 -0.575159 0.301893 0.159965 -0.0857284 0.0471542 -0.0639167 0.370869 
0.15982 0.053287 1.43678 -62.9333 769.355 872.057 0.11713 -1.25905 -0.140278 -0.129239 -0.0909302 0.0141876 2.57253 0.36663 0.38381 -0.142363 1.84018 0.147534 1.3767 1.88838 -0.319682 -0.519169 1.04326 2.05718 -0.466045 0.31356 0.164509 -0.0918718 0.0650944 -0.0905977 0.339315 
0.155286 0.048839 1.55496 -75.137 736.635 877.688 0.214848 -1.26804 -0.168527 -0.0256109 -0.101596 0.049392 2.61974 0.183649 0.382114 -0.13843 1.90578 0.109286 1.32657 1.88054 -0.326605 -0.521131 1.01461 2.10086 -0.47282 0.320555 0.148657 -0.0392736 0.0954697 -0.078632 0.398368 
0.164645 0.05541 1.52144 -83.2848 736.308 876.619 0.207532 -1.25229 -0.145534 0.182645 -0.0904269 0.0443322 2.61219 0.269468 0.382641 -0.137969 1.86794 0.127582 1.35385 1.93784 -0.324323 -0.521366 1.02686 2.12043 -0.456173 0.317725 0.159883 -0.051522 0.0768622 -0.0919068 0.387229 
0.147051 0.00674391 2.0298 -93.0162 667.543 878.299 0.312323 -1.27144 -0.224738 -0.242227 -0.0425503 0.0483278 2.57497 -0.00118664 0.385177 -0.127236 1.97126 0.0858307 1.27306 1.8226 -0.327101 -0.517734 0.982656 2.20814 -0.346777 0.254784 0.138846 0.144464 0.0689299 -0.075478 0.353611 
0.13109 0.0127821 2.018 -124.765 630.956 878.194 0.346764 -1.29157 -0.236935 -0.0902132 -0.0525589 0.0745759 2.5952 0.0190398 0.385659 -0.126098 1.98119 0.0891217 1.25268 1.86363 -0.325289 -0.51753 0.980848 2.24471 -0.389657 0.258453 0.130189 0.161071 0.0806631 -0.0678842 0.360439 
0.123287 0.0232952 1.95623 -151.215 573.619 877.52 0.344531 -1.21118 -0.216461 0.125222 -0.0984783 0.0656988 2.59502 0.0908185 0.383062 -0.134961 1.96602 0.106009 1.24635 1.96444 -0.320372 -0.516467 0.986897 2.27766 -0.232275 0.317546 0.129734 0.179843 0.0504356 -0.0656901 0.324815 
0.133736 0.037438 1.9636 -154.273 560.489 881.117 0.366442 -1.00574 -0.187683 0.465223 -0.218854 -0.0204447 2.58671 0.0704816 0.377756 -0.135776 1.96836 0.103286 1.27192 1.99004 -0.305613 -0.511476 1.03535 2.26531 -0.0667512 0.383221 0.134265 0.198953 0.0688508 -0.0634076 0.397028 
0.148184 0.0416288 1.9943 -164.362 556.401 884.289 0.350164 -0.932024 -0.230361 0.595041 -0.195351 -0.0643563 2.59279 0.159075 0.376093 -0.137 1.99005 0.0964151 1.24224 2.05901 -0.304159 -0.511695 1.05776 2.28181 0.0117866 0.451458 0.131619 0.164551 0.0725623 -0.0733335 0.374609 
0.0702564 0.0160088 0.935953 101.688 947.513 867.626 -0.0885909 -0.243476 -0.163189 -0.169148 -0.132879 0.153757 2.73789 0.210769 0.361414 -0.142109 1.82487 0.325327 1.41103 0.908207 -0.331279 -0.512913 0.87802 1.73055 -0.721212 0.461545 0.0966623 -0.0818702 0.136364 -0.0342392 0.365837 
0.0625625 0.0127369 0.915435 93.7491 941.884 869.407 -0.0820678 -0.286913 -0.190961 -0.26157 -0.121977 0.123369 2.7402 0.419199 0.36291 -0.141072 1.82381 0.31561 1.45204 1.00289 -0.329244 -0.515989 0.896105 1.7494 -0.695241 0.466085 0.108383 -0.0665327 0.137458 -0.0302527 0.377307 
0.0514781 0.0104219 0.985956 69.768 898.325 867.367 -0.0451272 -0.291791 -0.184025 -0.35394 -0.0760525 0.163194 2.81214 0.369641 0.363845 -0.148781 1.85336 0.341671 1.48948 1.14984 -0.327665 -0.520326 0.889997 1.82307 -0.706648 0.463928 0.110239 -0.0577694 0.107846 -0.0189571 0.310171 
0.047128 0.0245578 0.950684 49.5112 878.251 863.465 -0.00719237 -0.250963 -0.177151 -0.363778 -0.0337745 0.106483 2.82946 0.299922 0.36381 -0.150681 1.86333 0.367101 1.44098 1.21982 -0.33146 -0.523526 0.88476 1.89914 -0.722054 0.447632 0.104374 -0.0360722 0.106632 -0.0120912 0.293014 
0.0505667 0.0437763 0.929886 36.6144 866.364 855.973 0.0097113 -0.194484 -0.207119 -0.320433 -0.0350619 0.0411156 2.83695 0.280163 0.367585 -0.150851 1.86978 0.37985 1.38883 1.21801 -0.335822 -0.525578 0.885496 1.96388 -0.634158 0.46779 0.100219 -0.0348828 0.119017 -0.025881 0.317361 
0.0699075 0.0599358 1.01375 24.3596 853.797 848.361 0.0251952 -0.150487 -0.229934 -0.264727 -0.0255122 0.0264181 2.92665 0.339046 0.370501 -0.148976 1.89595 0.380358 1.37769 1.21067 -0.336077 -0.529186 0.88309 2.03423 -0.47503 0.448074 0.0991985 -0.0315743 0.12283 -0.0430395 0.399918 
0.072047 0.0644334 1.04668 17.2029 843.658 845.692 0.0328758 -0.145805 -0.247523 -0.271162 -0.0246095 0.0600024 2.93041 0.361 0.368482 -0.144214 1.89787 0.379879 1.3986 1.24703 -0.3336 -0.531171 0.887201 2.04117 -0.414339 0.414261 0.106656 -0.0262803 0.121374 -0.0473156 0.446282 
0.075999 0.0715678 1.14822 13.314 831.005 841.585 0.063466 -0.158471 -0.197608 -0.370101 -0.00170238 0.114173 2.93021 0.396739 0.373499 -0.139385 1.89551 0.419913 1.39679 1.34517 -0.338642 -0.527599 0.889764 2.06592 -0.386656 0.364515 0.112134 -0.0918866 0.119943 -0.0371919 0.498541 
0.0864248 0.0780849 1.20781 5.56927 817.444 839.321 0.0876513 -0.0951257 -0.168831 -0.482427 -0.0107119 0.159914 2.90481 0.469315 0.375549 -0.13523 1.88361 0.447217 1.41325 1.40849 -0.341917 -0.520463 0.900509 2.07056 -0.352616 0.307992 0.117343 -0.133807 0.11349 -0.0338296 0.508309 
0.0939556 0.0830113 1.23624 -2.06525 814.998 837.236 0.0815554 -0.0546684 -0.157611 -0.579076 -0.0386039 0.169197 2.83834 0.509659 0.37709 -0.129657 1.87406 0.484416 1.41817 1.49603 -0.341421 -0.514022 0.908199 2.08423 -0.316582 0.280097 0.120819 -0.145189 0.103677 -0.040154 0.522703 
0.10221 0.0881638 1.23733 -7.50418 814.273 837.111 0.0853207 -0.0425501 -0.172192 -0.618918 -0.0572209 0.165949 2.80405 0.487261 0.377995 -0.130029 1.87214 0.520821 1.40279 1.54772 -0.341183 -0.51028 0.918761 2.11613 -0.287122 0.245432 0.119628 -0.147552 0.104043 -0.0400131 0.545242 
0.110301 0.0887503 1.26248 -6.72176 815.389 837.155 0.105068 -0.0771495 -0.186451 -0.529976 -0.0837433 0.182663 2.80248 0.518991 0.378968 -0.129673 1.86369 0.531911 1.41143 1.60276 -0.344556 -0.509249 0.927662 2.10764 -0.261724 0.181548 0.115461 -0.136238 0.103639 -0.0462362 0.549436 
0.100753 0.0896524 1.25748 -4.16529 813.273 837.208 0.120016 -0.077527 -0.167141 -0.445219 -0.0820727 0.201424 2.77945 0.540072 0.37804 -0.128448 1.84399 0.541319 1.4131 1.6418 -0.345677 -0.50605 0.939599 2.12247 -0.276206 0.138949 0.115817 -0.123089 0.107098 -0.0616539 0.571505 
0.0912108 0.0880348 1.21649 -2.32623 816.292 837.054 0.132477 -0.0895521 -0.171595 -0.424605 -0.0727204 0.194654 2.74429 0.566501 0.376454 -0.12908 1.8143 0.528335 1.44839 1.67461 -0.34508 -0.495915 0.941297 2.13421 -0.317575 0.138359 0.115573 -0.108273 0.104064 -0.0843058 0.628757 
0.0923756 0.0838046 1.23034 -3.61225 814.735 837.11 0.13924 -0.125148 -0.179405 -0.458664 -0.0838998 0.215498 2.73441 0.606774 0.374875 -0.130869 1.80817 0.528502 1.45933 1.69457 -0.346037 -0.494359 0.95319 2.11391 -0.354983 0.12504 0.11809 -0.121283 0.0944904 -0.0927394 0.62511 
0.0984379 0.0735779 1.22766 -11.0458 809.752 837.214 0.215681 -0.268099 -0.249711 -0.482261 -0.104245 0.247602 2.80009 0.675599 0.369312 -0.136443 1.8342 0.556817 1.46978 1.72836 -0.354446 -0.497039 0.969773 2.08561 -0.324786 0.145439 0.136695 -0.114222 0.0746028 -0.0845291 0.583353 
0.106415 0.0722718 1.24499 -16.9847 805.258 838.267 0.302685 -0.461276 -0.266535 -0.398511 -0.108362 0.29105 2.81207 0.726739 0.366337 -0.135832 1.85785 0.613546 1.4331 1.80834 -0.356345 -0.492712 0.959987 2.07198 -0.231321 0.201227 0.140023 -0.107436 0.0629648 -0.0893352 0.571445 
0.113329 0.0776058 1.25941 -18.8816 807.525 838.477 0.331416 -0.513218 -0.255938 -0.351471 -0.109856 0.262584 2.79356 0.684245 0.367794 -0.133005 1.84891 0.622815 1.4374 1.87541 -0.354839 -0.48578 0.961449 2.09067 -0.208338 0.168216 0.133161 -0.111649 0.0686301 -0.0988334 0.55499 
0.118918 0.0792238 1.32094 -23.0921 797.681 839.075 0.273768 -0.614079 -0.233489 -0.458312 -0.150105 0.280972 2.72653 0.704813 0.370245 -0.129415 1.86129 0.609323 1.40108 1.84065 -0.359732 -0.482512 0.967542 2.09047 -0.231116 0.160401 0.142112 -0.138811 0.0605967 -0.0822595 0.503817 
0.124448 0.0803373 1.39094 -25.7775 784.302 839.942 0.178447 -0.806752 -0.217362 -0.541652 -0.18109 0.290107 2.64189 0.739367 0.376763 -0.123006 1.86223 0.592685 1.34313 1.82216 -0.371819 -0.480182 0.959687 2.09827 -0.265324 0.175133 0.155924 -0.207764 0.0464999 -0.0694158 0.390725 
0.0792525 0.0122743 0.98025 108.494 963.531 868.422 -0.0850531 -0.243741 -0.130092 -0.172078 -0.149711 0.122185 2.74877 0.164053 0.36155 -0.139349 1.84181 0.319012 1.40296 0.860286 -0.330972 -0.515355 0.863625 1.73611 -0.701837 0.462665 0.086994 -0.103433 0.135235 -0.0392577 0.389407 
0.0862703 0.0109718 0.981296 99.07 977.644 867.424 -0.041529 -0.357975 -0.129363 -0.251876 -0.151249 0.0831902 2.75753 0.187856 0.359848 -0.135081 1.83828 0.336651 1.43372 0.885596 -0.328918 -0.524511 0.865978 1.76576 -0.675627 0.470789 0.0775428 -0.104572 0.12061 -0.0595041 0.369012 
0.0940265 0.0159897 0.981361 91.4513 984.19 868.461 0.000615163 -0.314417 -0.125756 -0.344564 -0.155994 0.0549471 2.7581 0.333559 0.356981 -0.132661 1.83946 0.375325 1.44127 0.958181 -0.325663 -0.529008 0.887901 1.81309 -0.745217 0.436744 0.0698409 -0.0992317 0.0954933 -0.0750362 0.310375 
0.0774737 0.0114916 0.992923 99.5163 980.406 868.318 -0.0112715 -0.35079 -0.119413 -0.294152 -0.136489 0.0460683 2.70988 0.406265 0.353734 -0.132045 1.83471 0.366737 1.45942 1.04465 -0.332254 -0.526157 0.90748 1.77553 -0.747602 0.341951 0.0688843 -0.0948827 0.0760813 -0.0970944 0.237274 
0.0791954 0.0127197 0.968334 102.047 982.17 868.898 0.0113423 -0.331214 -0.118248 -0.309431 -0.173147 0.0365403 2.7465 0.393948 0.353455 -0.129082 1.8388 0.405954 1.45966 1.10091 -0.328392 -0.527911 0.917348 1.81421 -0.710191 0.286765 0.0650678 -0.0550912 0.0814655 -0.0977353 0.221694 
0.0856907 0.00861181 0.97107 97.4936 987.547 868.06 0.0422954 -0.329834 -0.133768 -0.333502 -0.167066 0.0283085 2.72644 0.425078 0.35625 -0.131396 1.84251 0.439395 1.45545 1.16014 -0.326895 -0.52942 0.903882 1.82493 -0.714717 0.251682 0.0663071 -0.021223 0.075831 -0.105796 0.202541 
0.0838634 -0.00387145 0.995806 103.656 987.102 862.51 0.0775488 -0.379685 -0.175101 -0.280336 -0.150689 0.0259975 2.72327 0.497782 0.354785 -0.142811 1.83363 0.425116 1.49067 1.37855 -0.325624 -0.527937 0.860612 1.81531 -0.610697 0.17055 0.0701283 0.0469114 0.0658595 -0.108687 0.180758 
0.0817067 -0.00848218 0.874512 98.3231 1002.56 862.625 0.11217 -0.421721 -0.152513 -0.308938 -0.17113 0.0453302 2.93128 0.572251 0.357893 -0.140501 1.84198 0.409514 1.52018 1.46218 -0.319126 -0.540075 0.895008 1.91368 -0.466623 0.137738 0.0712846 0.0931287 0.0530926 -0.0949448 0.209231 
0.0782354 -0.0107944 0.814323 99.7358 1008.1 862.667 0.131227 -0.440252 -0.134824 -0.333713 -0.180694 0.0599019 2.98929 0.543678 0.360821 -0.146654 1.84334 0.442165 1.56272 1.58764 -0.31598 -0.543774 0.904086 1.97557 -0.362563 0.085338 0.0652828 0.103487 0.0398861 -0.102104 0.219136 
0.0644769 -0.0144361 0.872003 104.732 1005.36 863.184 0.177594 -0.423086 -0.129064 -0.292895 -0.158837 0.0144731 2.92852 0.598059 0.361425 -0.160256 1.83595 0.46246 1.59951 1.70413 -0.318265 -0.539879 0.873383 1.87723 -0.402 0.0249478 0.0578447 0.0813686 0.0122457 -0.139826 0.180058 
0.0595368 -0.0182855 0.924498 106.353 1006.75 862.517 0.208376 -0.408102 -0.141821 -0.31858 -0.158695 -0.0105565 2.83454 0.617106 0.359912 -0.166681 1.81566 0.456054 1.67354 1.77421 -0.321064 -0.531506 0.853094 1.77153 -0.511978 -0.0337899 0.0534195 0.0417221 -0.0132216 -0.15991 0.168359 
0.0498797 -0.019303 0.98587 105.069 1004.96 862.934 0.222243 -0.357846 -0.153135 -0.327871 -0.152878 -0.0415176 2.75216 0.626528 0.361625 -0.173215 1.80377 0.447979 1.69247 1.82391 -0.32048 -0.528373 0.83845 1.72376 -0.578428 -0.0831355 0.0526323 0.0314563 -0.0305267 -0.169438 0.17729 
0.0527838 -0.022843 0.993547 107.633 1002.85 863.978 0.247624 -0.357537 -0.145156 -0.359935 -0.133214 -0.0548328 2.71695 0.636612 0.362275 -0.170925 1.79844 0.431463 1.76675 1.91936 -0.318871 -0.527581 0.8491 1.69908 -0.569663 -0.134023 0.0522773 0.0258798 -0.0389385 -0.184961 0.134277 
0.0485429 -0.021989 1.01939 106.428 1003.38 865.22 0.243224 -0.347882 -0.123356 -0.388868 -0.112207 -0.0394919 2.69547 0.650488 0.362284 -0.173133 1.7915 0.45733 1.81968 2.02956 -0.32023 -0.524104 0.841948 1.71145 -0.643204 -0.132156 0.0506906 0.00937712 -0.0430484 -0.1867 0.142872 
0.0455092 -0.0212002 1.01956 107.337 1002.94 866.929 0.25477 -0.339712 -0.0865838 -0.385649 -0.0927687 -0.0669722 2.66478 0.65773 0.361589 -0.170857 1.78947 0.490615 1.88132 2.14062 -0.326478 -0.519145 0.833367 1.71835 -0.722463 -0.141479 0.0476403 -0.0115047 -0.0446311 -0.198048 0.15287 
0.0488011 -0.0215602 0.949309 109.802 1005.76 866.081 0.234901 -0.37991 -0.0488932 -0.342365 -0.119056 -0.0630597 2.68059 0.718127 0.363108 -0.17111 1.7527 0.575233 1.92933 2.20161 -0.328988 -0.523831 0.823987 1.80557 -0.901451 -0.118408 0.0506247 0.034378 -0.0286103 -0.183596 0.104074 
0.0489502 -0.0218356 0.957524 107.603 1003.19 865.499 0.254729 -0.398772 -0.0549012 -0.33948 -0.110772 -0.0435295 2.68315 0.726866 0.363912 -0.173851 1.74261 0.62288 1.95489 2.22849 -0.327987 -0.525831 0.82372 1.81893 -0.975446 -0.129531 0.0544154 0.0476637 -0.0272328 -0.177977 0.0852873 
0.0493108 -0.0158242 1.01276 106.385 996.995 867.069 0.299568 -0.389868 -0.0980669 -0.351605 -0.0544324 -0.0385398 2.66016 0.702808 0.36082 -0.17417 1.7495 0.636432 1.96894 2.30449 -0.331749 -0.521496 0.804284 1.73717 -0.911011 -0.198386 0.0474968 0.0459695 -0.0386156 -0.206133 0.103709 
0.043862 -0.0178179 1.0767 107.394 996.205 868.276 0.335862 -0.364445 -0.0845486 -0.349204 -0.067042 -0.0638379 2.61802 0.678759 0.360436 -0.163326 1.74476 0.607656 2.04314 2.34906 -0.338707 -0.525702 0.798522 1.73318 -0.807496 -0.176052 0.0483516 0.0419486 -0.0637624 -0.216647 0.131143 
0.0418477 -0.018407 1.04377 106.05 993.675 867.962 0.312453 -0.338221 -0.0231644 -0.344016 -0.119953 -0.0707838 2.5698 0.752898 0.360708 -0.161122 1.70096 0.670589 2.1126 2.33803 -0.33594 -0.539736 0.792498 1.78821 -0.849324 -0.119043 0.055576 0.0813485 -0.075048 -0.199087 0.113572 
0.0744866 0.0135938 0.964227 103.561 951.135 868.48 -0.0970827 -0.22571 -0.146073 -0.159707 -0.15342 0.157558 2.73336 0.19137 0.361493 -0.141722 1.83315 0.316355 1.40634 0.89783 -0.330228 -0.515123 0.8737 1.72746 -0.721635 0.443908 0.0932881 -0.0855002 0.138782 -0.0348807 0.385358 
0.0755395 0.0194844 0.884492 91.8733 962.45 868.24 -0.0737435 -0.229867 -0.150645 -0.318493 -0.174963 0.117847 2.75027 0.246157 0.363864 -0.148079 1.83414 0.338038 1.43688 0.978478 -0.329795 -0.519875 0.871775 1.72204 -0.712618 0.418931 0.0889207 -0.0403099 0.12898 -0.0364684 0.380619 
0.04255 0.00371458 0.785347 81.9876 898.782 873.652 -0.0769565 -0.207105 -0.124177 -0.189546 -0.460169 0.14097 2.83033 0.35134 0.360697 -0.147443 1.85456 0.434117 1.46501 0.93581 -0.337232 -0.505702 0.827275 1.6909 -0.789337 0.389407 0.103048 -0.0444707 0.109261 -0.0198773 0.377115 
0.0234132 0.0080548 1.03193 117.94 822.927 869.309 -0.0802873 -0.377517 -0.216132 -0.0706417 -0.425955 0.02024 2.73326 0.404182 0.35973 -0.138723 1.82795 0.331845 1.51263 0.954934 -0.33547 -0.510877 0.913494 1.68563 -0.593787 0.37544 0.0889446 -0.101428 0.130647 -0.0071119 0.507329 
0.00307932 0.00238286 1.23264 174.006 707.733 872.255 -0.182516 -0.554706 -0.296093 0.0439403 -0.391152 -0.0402609 2.67084 0.43067 0.360622 -0.137087 1.83193 0.228521 1.59031 1.0329 -0.33768 -0.511607 0.951598 1.72292 -0.422944 0.350906 0.060973 -0.206337 0.117369 0.0262214 0.633662 
-0.000584036 0.00472559 1.18012 202.156 617.83 871.477 -0.251866 -0.569394 -0.288744 -0.0951405 -0.4131 -0.0832608 2.62234 0.452047 0.354897 -0.136685 1.84065 0.201811 1.62319 1.12707 -0.34103 -0.511184 0.937018 1.78717 -0.413319 0.342863 0.0653288 -0.230975 0.107431 0.0383829 0.665924 
-0.0189641 0.0113762 1.15789 188.764 572.802 872.114 -0.294459 -0.683209 -0.284841 -0.24314 -0.3276 -0.117619 2.55891 0.528241 0.360368 -0.133182 1.83192 0.220014 1.59008 1.16726 -0.341152 -0.514129 0.939679 1.74009 -0.424197 0.374411 0.0667793 -0.243982 0.117235 0.0305148 0.686934 
-0.0266125 0.0156719 1.10627 159.702 545.378 875.018 -0.316388 -0.867241 -0.334931 -0.272505 -0.370074 -0.127745 2.55932 0.610325 0.356958 -0.127146 1.8454 0.220648 1.63199 1.21748 -0.344621 -0.51391 0.938044 1.64853 -0.331783 0.288621 0.0482262 -0.243248 0.147706 0.0532682 0.719513 
-0.00505395 0.000402177 0.94918 164.381 460.875 877.033 -0.336121 -0.950121 -0.252653 -0.459706 -0.364213 -0.159958 2.63822 0.747812 0.361711 -0.14802 1.82444 0.215247 1.53364 1.26391 -0.340549 -0.528116 0.938881 1.76782 -0.469822 0.384864 0.0707292 -0.352334 0.118425 0.0739866 0.73445 
0.017536 -0.0159257 0.804383 136.969 374.853 876.066 -0.365397 -0.934515 -0.21453 -0.553895 -0.352061 -0.335661 2.57781 0.8005 0.364575 -0.157142 1.86306 0.206301 1.49522 1.32681 -0.335666 -0.528592 0.903032 1.69202 -0.490967 0.422712 0.0824862 -0.410987 0.125067 0.0839982 0.755724 
0.0104661 -0.0326894 0.676883 100.621 308.007 876.672 -0.379007 -0.955423 -0.203045 -0.458003 -0.341602 -0.403059 2.58779 0.815861 0.36502 -0.161396 1.86882 0.166199 1.48394 1.36285 -0.331378 -0.535572 0.88335 1.63333 -0.545872 0.429909 0.0757609 -0.455691 0.118981 0.070937 0.758952 
0.0387442 -0.0314924 0.627412 40.4868 242.824 883.094 -0.391062 -0.960698 -0.241192 -0.251173 -0.373815 -0.338856 2.47951 0.952224 0.373769 -0.159475 1.90153 0.219622 1.48721 1.35052 -0.325633 -0.535131 0.851874 1.59706 -0.494242 0.380843 0.0554359 -0.482861 0.132639 0.083379 0.739532 
0.0514397 -0.0361434 0.543054 1.00505 205.286 887.681 -0.396829 -0.887167 -0.236708 -0.211858 -0.341235 -0.31189 2.40461 0.88345 0.377463 -0.160109 1.91054 0.22634 1.48343 1.33821 -0.326786 -0.530551 0.817488 1.56712 -0.491742 0.299718 0.0407754 -0.513929 0.149779 0.0862207 0.713463 
0.0548379 -0.0410891 0.517901 -55.0538 150.122 886.9 -0.417983 -0.85567 -0.257648 -0.18723 -0.304504 -0.249359 2.38754 0.910124 0.379141 -0.158465 1.94299 0.212469 1.46775 1.40456 -0.326363 -0.534411 0.827547 1.50776 -0.383424 0.297723 0.0457013 -0.50646 0.179019 0.0863956 0.713778 
0.0670094 -0.0592776 0.506856 -77.4704 149.426 884.776 -0.381266 -0.751798 -0.297258 0.0523931 -0.264427 -0.150123 2.34665 0.793264 0.373529 -0.159849 1.94618 0.182751 1.45799 1.36445 -0.320692 -0.528476 0.792444 1.49545 -0.409372 0.242955 0.0345722 -0.494395 0.138696 0.106313 0.744194 
0.0734833 -0.0727083 0.615598 -114.07 169.825 886.989 -0.388504 -0.736 -0.333744 0.171828 -0.165855 -0.15739 2.39761 0.611365 0.369173 -0.160899 1.97973 0.151674 1.44343 1.28764 -0.318987 -0.530862 0.772628 1.43834 -0.44548 0.190648 0.0142869 -0.410503 0.10481 0.133472 0.788735 
0.0777932 -0.0816111 0.770396 -150.387 185.765 889.262 -0.394486 -0.713179 -0.294427 0.197298 -0.0972844 -0.173482 2.48588 0.356505 0.364976 -0.159184 1.98948 0.128929 1.43265 1.29644 -0.318461 -0.538955 0.734885 1.4028 -0.458753 0.144929 0.00694006 -0.326283 0.0886659 0.142698 0.790136 
0.0781128 -0.0891651 0.827488 -160.208 193.109 892.013 -0.397672 -0.696271 -0.300552 0.245964 -0.0602059 -0.20334 2.58895 0.183794 0.362889 -0.155243 1.97384 0.14093 1.42491 1.24508 -0.326684 -0.537821 0.697703 1.37761 -0.423846 0.147585 0.0131308 -0.318452 0.1134 0.149927 0.714058 
0.0705233 -0.0914423 0.856742 -168.458 199.082 891.9 -0.370082 -0.687732 -0.302611 0.259224 -0.042436 -0.212061 2.62355 0.127706 0.362307 -0.154216 1.97683 0.143734 1.43414 1.22306 -0.331144 -0.536976 0.673068 1.3502 -0.402003 0.167604 0.0214271 -0.291259 0.127698 0.150494 0.680915 
0.0708686 -0.0892968 0.845203 -168.527 203.146 890.561 -0.339631 -0.678004 -0.285805 0.284316 -0.0212515 -0.210408 2.65199 0.110291 0.364096 -0.1566 1.96757 0.160063 1.44083 1.1967 -0.336412 -0.539745 0.65134 1.32237 -0.382813 0.198309 0.0199289 -0.252208 0.13719 0.141425 0.690168 
0.103752 0.00330217 0.938065 169.896 845.486 868.293 -0.121384 -0.183583 -0.0898486 -0.0553231 -0.225952 0.183509 2.71656 0.104247 0.363085 -0.139616 1.87819 0.30457 1.38513 0.882827 -0.328213 -0.516027 0.865056 1.76506 -0.717598 0.497811 0.0836009 -0.0605116 0.136615 -0.0223806 0.384932 
0.0998143 0.0128896 1.12877 199.882 800.142 870.446 -0.177799 -0.313068 -0.0600729 -0.295117 -0.244599 0.135031 2.73634 0.0675635 0.361763 -0.149107 1.88492 0.321051 1.44535 0.812891 -0.332062 -0.511671 0.843505 1.85893 -0.817004 0.458059 0.0896295 -0.0885715 0.13791 -0.022457 0.430397 
0.0705028 0.0117092 1.09145 223.714 723.626 870.6 -0.162229 -0.345586 -0.017301 -0.30981 -0.255162 0.105977 2.6705 0.165539 0.36372 -0.148202 1.89232 0.322548 1.5342 0.775283 -0.334466 -0.513681 0.817361 1.83195 -0.989317 0.54579 0.0914205 -0.144036 0.144735 -0.0210893 0.420765 
0.070541 -0.00281605 0.743695 191.058 661.811 864.882 -0.170696 -0.280931 0.0131822 -0.369338 -0.23693 0.101875 2.5847 0.211038 0.363093 -0.150153 1.92516 0.325372 1.57193 0.945138 -0.329927 -0.520773 0.80559 1.68169 -1.05912 0.638986 0.0716504 -0.175391 0.151548 -0.032764 0.41813 
0.0874568 0.000771494 0.507981 197.77 584.98 861.766 -0.185452 -0.229784 0.0504626 -0.509638 -0.16478 0.0438678 2.50234 0.187123 0.356738 -0.146137 1.96222 0.34325 1.59894 1.0776 -0.33167 -0.524959 0.789628 1.52239 -1.11303 0.621226 0.0531115 -0.243503 0.140212 -0.0548891 0.435951 
0.106905 0.00485582 0.275443 170.072 549.39 858.641 -0.196761 -0.204066 0.0527565 -0.539926 -0.175633 0.0693884 2.43124 0.166751 0.357207 -0.145973 1.96638 0.325155 1.58765 1.14241 -0.330385 -0.528027 0.780159 1.50156 -1.13938 0.603195 0.0513002 -0.312175 0.135735 -0.0646283 0.437325 
0.117583 0.0038563 0.18939 126.898 507.651 860.559 -0.198905 -0.256569 0.0571239 -0.575626 -0.198833 0.00741213 2.54215 0.158066 0.356221 -0.139383 1.97034 0.289701 1.62245 1.21438 -0.327455 -0.529848 0.790408 1.46013 -1.15414 0.551496 0.0482027 -0.274568 0.145048 -0.0613117 0.451817 
0.11409 0.00482875 0.148775 57.5375 435.879 864.009 -0.18125 -0.264243 0.0175199 -0.592847 -0.182813 -0.00925958 2.59962 0.279168 0.357951 -0.13258 1.97144 0.259324 1.65453 1.21983 -0.317666 -0.532352 0.807807 1.42687 -1.09494 0.439014 0.0492492 -0.188973 0.160916 -0.0294821 0.426556 
0.110226 0.0059271 0.0280055 22.3455 396.443 865.136 -0.175637 -0.255212 -0.0341566 -0.578063 -0.275609 -0.0745613 2.65318 0.320678 0.362968 -0.127737 1.97488 0.222362 1.66955 1.16617 -0.311618 -0.538501 0.817071 1.39038 -1.05694 0.381279 0.0528129 -0.216573 0.184471 -0.0231331 0.414139 
0.117484 0.00664253 -0.0059455 -48.5364 332.296 860.264 -0.196426 -0.320947 -0.0430821 -0.573653 -0.210625 0.00566702 2.64363 0.250621 0.360697 -0.135291 1.99512 0.213795 1.70362 1.18337 -0.315726 -0.538342 0.817806 1.38347 -1.07886 0.393511 0.0534704 -0.198799 0.185141 -0.0176394 0.423042 
0.113135 0.00937703 -0.0863331 -92.551 310.916 860.909 -0.216728 -0.334737 0.0105329 -0.551208 -0.281804 -0.00771799 2.64514 0.179007 0.36188 -0.126459 2.00102 0.191424 1.72675 1.17028 -0.319643 -0.541777 0.797714 1.41477 -1.03885 0.422379 0.0564501 -0.244412 0.17628 -0.0261225 0.437204 
0.104743 0.00999619 -0.128988 -130.532 297.489 860.332 -0.218997 -0.360469 0.0228616 -0.354109 -0.246563 -0.000528243 2.65247 0.0368032 0.360877 -0.124063 2.00654 0.197368 1.70929 1.12981 -0.32462 -0.542702 0.777945 1.4402 -1.11571 0.517552 0.0541576 -0.244278 0.176253 -0.0240088 0.397797 
0.104114 0.00591463 -0.161168 -177.8 263.816 859.33 -0.208507 -0.410667 -0.0854132 -0.00879687 -0.152061 0.0539346 2.61493 -0.0324742 0.355863 -0.119406 2.01643 0.205542 1.69363 1.00614 -0.322963 -0.545942 0.753901 1.3999 -1.06262 0.63262 0.0524555 -0.261895 0.192356 -0.0217965 0.346944 
0.10714 0.0147533 -0.164247 -195.815 273.838 864.31 -0.231727 -0.344314 -0.128347 -0.0625519 -0.152398 0.0626432 2.55799 -0.118116 0.35394 -0.113933 2.02678 0.192998 1.70408 1.05228 -0.322557 -0.545731 0.740398 1.42455 -1.06303 0.693263 0.0589198 -0.272506 0.206433 -0.00638023 0.350633 
0.106496 0.0204711 -0.145534 -201.382 291.344 868.129 -0.249614 -0.304008 -0.143388 -0.0911191 -0.157521 0.0710535 2.42751 -0.167227 0.353646 -0.112291 2.04245 0.185383 1.72678 1.1394 -0.329602 -0.542605 0.740239 1.44279 -1.07857 0.734888 0.0703864 -0.267846 0.222444 0.0133567 0.362089 
0.0967609 0.017534 -0.13515 -200.763 314.109 869.884 -0.272195 -0.293343 -0.141514 -0.0725018 -0.176634 0.0652244 2.43908 -0.168203 0.353951 -0.108583 2.0571 0.167792 1.69648 1.13748 -0.329197 -0.541239 0.723463 1.43399 -1.06232 0.732443 0.0552252 -0.276196 0.221469 0.0166274 0.333967 
0.0940676 0.0163293 -0.129593 -197.291 336.89 870.559 -0.295476 -0.296775 -0.136978 -0.079566 -0.199785 0.0722044 2.47456 -0.142615 0.352857 -0.0994056 2.06809 0.153895 1.63782 1.06522 -0.325983 -0.540749 0.698608 1.43994 -0.964441 0.744551 0.0336452 -0.301361 0.213959 0.0161155 0.279108 
0.0867301 0.0153411 -0.146489 -199.394 353.613 871.139 -0.304111 -0.298814 -0.147636 -0.0714789 -0.19034 0.0666172 2.54386 -0.188048 0.355141 -0.0954762 2.08377 0.14974 1.60274 1.05271 -0.324445 -0.538986 0.688841 1.42098 -0.923 0.755971 0.0211474 -0.291064 0.219039 0.0205237 0.265014 
0.0850654 0.0140083 -0.146619 -193.851 370.643 871.7 -0.312146 -0.304329 -0.14615 -0.0786741 -0.196626 0.0517303 2.60716 -0.204099 0.356272 -0.0935398 2.1045 0.134821 1.60203 1.07798 -0.324472 -0.537151 0.68106 1.39051 -0.884353 0.766974 0.00597412 -0.289989 0.225617 0.0246331 0.273663 
0.0865214 0.014727 -0.123111 -188.885 387.222 873.779 -0.314914 -0.314569 -0.148036 -0.0651878 -0.209199 0.0317936 2.63312 -0.217803 0.357351 -0.0903523 2.12472 0.133205 1.61203 1.15903 -0.32734 -0.533684 0.672609 1.40914 -0.850973 0.800916 -0.00718721 -0.284479 0.239698 0.0251618 0.337709 
0.0754563 0.010212 0.985354 108.146 900.021 866.182 -0.13582 -0.239319 -0.143586 -0.191556 -0.105341 0.167395 2.72043 0.115504 0.360738 -0.141801 1.84352 0.307142 1.39502 0.855302 -0.332558 -0.512666 0.838064 1.67808 -0.764239 0.454861 0.0880666 -0.0970314 0.148976 -0.0284287 0.375111 
