layer
	1 2 layer_0 0.668462442425 15.0911752085
	2 3 layer_1 0.329498278357 15.7691035364
	3 4 layer_2 0.243205654614 16.0279814067
	4 5 layer_3 3.35540643212e-12 16.917309132

particle
	100 533 particle_0 0.00583703737702 9.23467955755
	533 966 particle_1 0.00552337309603 9.40186261937
	966 1399 particle_2 0.00769168132559 7.30727686945
	1399 1833 particle_3 0.00474976413851 11.4230190143
	1833 2266 particle_4 0.00805774056676 5.35949822128
	2266 2700 particle_5 0.00247889927472 18.0011525888
	2700 3133 particle_6 0.0059140037668 8.72637046012
	3133 4000 particle_7 0.00530018133885 10.6494761272

COEFF
	layer_particle:0.0144585205571
	particle_layer:0.0144585205571
