observation read done
fact read done
194 275 1913 2611->2613.36:	-0.000903236
194 275 1726 2424->2327.61:	0.0414117
194 275 1410 2108->2057.64:	0.0244755
194 275 1409 2107->1897.56:	0.110376
194 275 1408 2106->1810.79:	0.163029
194 275 1407 2105->1757.24:	0.197901
194 2 1913 2338->2280.08:	0.0254031
194 2 1726 2151->2152.16:	-0.000539348
194 2 1410 1835->1998.67:	-0.0818906
194 2 1409 1834->1851.61:	-0.00951104
194 2 1408 1833->1786.12:	0.0262487
194 1 1913 2337->2258.36:	0.0348212
194 1 1726 2150->2214.71:	-0.0292166
194 1 1410 1834->1982.51:	-0.0749102
194 1 1409 1833->1849.19:	-0.00875297
193 275 1913 2610->2492.18:	0.047277
193 275 1726 2423->2365.3:	0.0243959
193 275 1410 2107->1979.48:	0.0644224
193 275 1409 2106->1834.34:	0.148097
193 275 1408 2105->1784.14:	0.179837
193 275 1407 2104->1765.2:	0.191935
193 2 1913 2337->2165.05:	0.0794194
193 2 1726 2150->2063.71:	0.0418119
193 2 1410 1834->1922.6:	-0.0460816
193 2 1409 1833->1835.72:	-0.0014817
193 2 1408 1832->1792.9:	0.0218062
193 1 1913 2336->2179.66:	0.0717243
193 1 1726 2149->2082.01:	0.0321736
193 1 1410 1833->1973.29:	-0.0710944
193 1 1409 1832->1796.78:	0.0196038
192 275 1913 2609->2474.33:	0.0544263
192 275 1726 2422->2233.78:	0.0842605
192 275 1410 2106->2075.05:	0.0149135
192 275 1409 2105->1767.98:	0.190627
192 275 1408 2104->1752.08:	0.200855
192 275 1407 2103->1692.9:	0.242249
192 2 1913 2336->2240.7:	0.0425317
192 2 1726 2149->2045.07:	0.0508183
192 2 1410 1833->1905.46:	-0.0380253
192 2 1409 1832->1800.78:	0.017336
192 2 1408 1831->1827.04:	0.00216896
192 1 1913 2335->2209.38:	0.0568573
192 1 1726 2148->2087.01:	0.0292219
192 1 1410 1832->1946.23:	-0.0586943
192 1 1409 1831->1829.67:	0.000725161
191 275 1913 2379->2326.69:	0.0224804
191 275 1726 2192->1991.12:	0.100886
191 275 1410 1876->1722.13:	0.0893486
191 275 1409 1875->1653.92:	0.133671
191 275 1408 1874->1483.28:	0.263412
191 275 1407 1873->1457.04:	0.285487
191 2 1913 2106->1963.93:	0.0723412
191 2 1726 1919->1895.2:	0.0125581
191 2 1410 1603->1669.62:	-0.0398985
191 2 1409 1602->1569.16:	0.0209299
191 2 1408 1601->1481.66:	0.0805437
191 1 1913 2105->1999.3:	0.0528703
191 1 1726 1918->1814.04:	0.0573105
191 1 1410 1602->1655.38:	-0.0322492
191 1 1409 1601->1561.78:	0.0251108
190 275 1913 2378->2195.49:	0.0831319
190 275 1726 2191->1990.54:	0.100704
190 275 1410 1875->1709.96:	0.0965175
190 275 1409 1874->1512.41:	0.239083
190 275 1408 1873->1508.43:	0.241689
190 275 1407 1872->1451.3:	0.289878
190 2 1913 2105->1895.58:	0.110475
190 2 1726 1918->1729.26:	0.109147
190 2 1410 1602->1692.41:	-0.0534212
190 2 1409 1601->1489.7:	0.0747112
190 2 1408 1600->1430.25:	0.118686
190 1 1913 2104->1864.89:	0.128216
190 1 1726 1917->1842.49:	0.0404419
190 1 1410 1601->1600.97:	1.60838e-05
190 1 1409 1600->1473.82:	0.0856166
1 275 1913 2189->2156.47:	0.0150839
1 275 1726 2002->1975.64:	0.0133409
1 275 1410 1686->1735.66:	-0.0286094
1 275 1409 1685->1549.22:	0.0876416
1 275 1408 1684->1441.34:	0.168359
1 275 1407 1683->1374.5:	0.224447
1 2 1913 1916->1892.76:	0.0122758
1 2 1726 1729->1765.31:	-0.0205698
1 2 1410 1413->1602.31:	-0.118147
1 2 1409 1412->1536.14:	-0.0808124
1 2 1408 1411->1458.51:	-0.0325741
1 1 1913 1915->1902.95:	0.00633039
1 1 1726 1728->1775.04:	-0.0264998
1 1 1410 1412->1685.12:	-0.162079
1 1 1409 1411->1548.32:	-0.0886876
mean:0.078895
