3241.24116
2633.680335
2408.0587050000004
2214.318375
2030.8660987499998
1876.400505
3037.421341875
2448.9297281250006
2417.8159799999994
1953.2818912500002
1943.5377487499998
1840.48548328125
2736.1868376562497
2262.278167734375
2020.0660055859373
1834.2217961718748
1676.34454921875
1712.4248126953125
2776.209469042968
2315.1694149755854
2062.92074385498
1798.3721968066404
1808.0043624682614
1733.177487663574
2794.6757864904785
2280.9691484143063
1995.2584350128175
1797.1214024871826
1767.2575943206787
1676.652950214386

